tests/outputSonde4/outvarComp.dat
NCOLS   150
NROWS   150
XLLCORNER         235.050
YLLCORNER          38.050
CELLSIZE           0.100          0.100
NODATA_VALUE -9999.
[rows 108 to 134 of 150, columns 61 to 121 of 150]
9.660852 9.381653 9.124247 8.890033 8.679639 8.492680 8.328148 8.184747 8.060606 7.953959 7.862857 7.785401 7.719856 7.664548 7.617973 7.578788 7.545786 7.517933 7.494297 7.474063 7.456536 7.441066 7.427102 7.414126 7.401651 7.389213 7.376337 7.362532 7.347271 7.329960 7.309941 7.286445 7.258582 7.225326 7.185477 7.137708 7.080491 7.012175 6.930990 6.835231 6.723256 6.593733 6.445848 6.279470 6.095574 5.896098 5.684170 5.463933 5.240202 5.018287 4.803153 4.599215 4.409950 4.237672 4.083710 3.948237 3.830645 3.729864 3.644267 3.572246 3.512065
9.754364 9.475842 9.217410 8.980665 8.766470 8.574701 8.404619 8.255177 8.124713 8.011649 7.914181 7.830516 7.758998 7.697998 7.646038 7.601776 7.563996 7.531643 7.503749 7.479458 7.458026 7.438750 7.421021 7.404256 7.387890 7.371391 7.354195 7.335719 7.315331 7.292326 7.265930 7.235240 7.199231 7.156738 7.106427 7.046855 6.976415 6.893427 6.796176 6.683144 6.553008 6.404942 6.238823 6.055378 5.856555 5.645274 5.425525 5.202071 4.979983 4.764432 4.559855 4.369850 4.196919 4.042378 3.906626 3.789090 3.688593 3.603675 3.532512 3.473397 3.424607
9.845556 9.568511 9.309853 9.071314 8.853973 8.657943 8.482737 8.327553 8.190944 8.071527 7.967648 7.877635 7.799920 7.732931 7.675227 7.625476 7.582458 7.545097 7.512398 7.483460 7.457500 7.433750 7.411542 7.390224 7.369154 7.347719 7.325262 7.301103 7.274500 7.244632 7.210606 7.171391 7.125838 7.072664 7.010432 6.937644 6.852683 6.753945 6.639897 6.509361 6.361508 6.196181 6.014077 5.816841 5.607364 5.389377 5.167454 4.946590 4.731712 4.527453 4.337441 4.164298 4.009520 3.873512 3.755910 3.655578 3.570976 3.500424 3.442045 3.394142 3.355079
9.933225 9.658414 9.400294 9.160708 8.940905 8.741212 8.561375 8.400826 8.258331 8.132702 8.022440 7.926003 7.841923 7.768695 7.704918 7.649285 7.600573 7.557700 7.519637 7.485445 7.454300 7.425371 7.397928 7.371248 7.344609 7.317311 7.288602 7.257703 7.223764 7.185849 7.142955 7.093939 7.037551 6.972429 6.897089 6.810056 6.709799 6.594911 6.464189 6.316938 6.152964 5.972882 5.778250 5.571579 5.356517 5.137329 4.918801 4.705774 4.502658 4.313295 4.140357 3.985486 3.849275 3.731390 3.630898 3.546310 3.475893 3.417892 3.370475 3.332032 3.301061
10.016317 9.744413 9.487549 9.247631 9.026050 8.823317 8.639381 8.473901 8.325839 8.194200 8.077649 7.974774 7.884216 7.804543 7.734407 7.672530 7.617692 7.568808 7.524825 7.484769 7.447771 7.412939 7.379488 7.346615 7.313521 7.279418 7.243466 7.204782 7.162421 7.115338 7.062446 7.002514 6.934234 6.856220 6.767019 6.665266 6.549631 6.419032 6.272716 6.110594 5.933181 5.741882 5.539038 5.327848 5.112445 4.897278 4.686980 4.485901 4.297711 4.125331 3.970493 3.833965 3.715614 3.614566 3.529524 3.458813 3.400644 3.353292 3.315032 3.284384 3.259996
10.093920 9.825492 9.570517 9.330934 9.108233 8.903076 8.715594 8.545646 8.392382 8.254993 8.132304 8.023035 7.925941 7.839672 7.762936 7.694486 7.633122 7.577760 7.527323 7.480804 7.437299 7.395855 7.355633 7.315753 7.275340 7.233532 7.189396 7.141962 7.090200 7.032989 6.969176 6.897493 6.816628 6.725237 6.621987 6.505719 6.375416 6.230423 6.070531 5.896309 5.708971 5.510628 5.304233 5.093409 4.882452 4.675671 4.477244 4.290833 4.119258 3.964541 3.827584 3.708457 3.606494 3.520479 3.448917 3.390076 3.342208 3.303678 3.272908 3.248558 3.229428
10.165300 9.900812 9.648268 9.409614 9.186399 8.979409 8.788928 8.614986 8.456913 8.314072 8.185440 8.069872 7.966235 7.873264 7.789733 7.714435 7.646191 7.583915 7.526527 7.472988 7.422358 7.373634 7.325921 7.278277 7.229756 7.179424 7.126276 7.069277 7.007329 6.939264 6.863915 6.780021 6.686332 6.581630 6.464774 6.334915 6.191425 6.034143 5.863440 5.680514 5.487198 5.286133 5.080646 4.874503 4.671870 4.476648 4.292393 4.121982 3.967418 3.829926 3.709747 3.606435 3.518983 3.445984 3.385873 3.336951 3.297568 3.266212 3.241461 3.222119 3.207130
10.229874 9.969669 9.719999 9.482780 9.259592 9.051314 8.858354 8.680894 8.518414 8.370442 8.236100 8.114371 8.004235 7.904516 7.814052 7.731682 7.656253 7.586697 7.521918 7.460858 7.402557 7.345956 7.290122 7.234057 7.176753 7.117229 7.054421 6.987250 6.914591 6.835267 6.748143 6.652026 6.545789 6.428416 6.299032 6.157160 6.002609 5.835729 5.657431 5.469458 5.274101 5.074318 4.873563 4.675492 4.483911 4.302165 4.133110 3.978869 3.840723 3.719254 3.614214 3.524817 3.449858 3.387859 3.337270 3.296483 3.263969 3.238358 3.218375 3.202961 3.191187
10.287231 10.031547 9.785088 9.549715 9.327022 9.117942 8.922982 8.742452 8.575968 8.423202 8.283408 8.155692 8.039145 7.932680 7.835201 7.745602 7.662757 7.585613 7.513083 7.444091 7.377660 7.312693 7.248225 7.183219 7.116626 7.047428 6.974537 6.896857 6.813275 6.722647 6.623921 6.516028 6.398027 6.269157 6.128860 5.977058 5.813998 5.640503 5.457943 5.268455 5.074598 4.879448 4.686356 4.498682 4.319736 4.152253 3.998405 3.859651 3.736683 3.629603 3.537830 3.460373 3.395941 3.343066 3.300267 3.266048 3.239020 3.217946 3.201693 3.189322 3.180017
10.337094 10.086068 9.843059 9.609857 9.388042 9.178581 8.982054 8.798877 8.628775 8.471550 8.326580 8.193084 8.070259 7.957100 7.852588 7.755669 7.665246 7.580305 7.499754 7.422520 7.347620 7.273927 7.200467 7.126173 7.049975 6.970853 6.887715 6.799487 6.705102 6.603497 6.493747 6.374957 6.246417 6.107645 5.958432 5.799079 5.630238 5.453116 5.269420 5.081520 4.892071 4.704067 4.520608 4.344638 4.178924 4.025601 3.886239 3.761750 3.652375 3.557879 3.477473 3.410066 3.354358 3.308939 3.272422 3.243441 3.220738 3.203203 3.189831 3.179787 3.172354
10.379319 10.132997 9.893581 9.662786 9.442154 9.232666 9.034953 8.849507 8.676157 8.514808 8.364950 8.225906 8.096974 7.977231 7.865730 7.761472 7.663404 7.570545 7.481817 7.396155 7.312582 7.229962 7.147321 7.063590 6.977698 6.888647 6.795373 6.696861 6.592124 6.480216 6.360380 6.231926 6.094393 5.947600 5.791658 5.627216 5.455247 5.277247 5.095111 4.911298 4.728402 4.549205 4.376458 4.212642 4.059996 3.920114 3.794065 3.682336 3.584846 3.501135 3.430302 3.371227 3.322649 3.283245 3.251734 3.226877 3.207540 3.192729 3.181549 3.173257 3.167217
10.413879 10.172228 9.936477 9.708245 9.489027 9.279799 9.081226 8.893858 8.717599 8.552453 8.398001 8.253663 8.118833 7.992664 7.874284 7.762749 7.657055 7.556261 7.459316 7.365172 7.272874 7.181290 7.089466 6.996351 6.900899 6.802157 6.699125 6.590867 6.476516 6.355268 6.226559 6.089916 5.945134 5.792307 5.631834 5.464643 5.291942 5.115388 4.936961 4.759065 4.584126 4.414634 4.252946 4.101095 3.960832 3.833301 3.719172 3.618614 3.531330 3.456721 3.393842 3.341593 3.298779 3.264171 3.236602 3.214949 3.198195 3.185446 3.175903 3.168903 3.163875
10.440843 10.203770 9.971684 9.746103 9.528464 9.319728 9.120566 8.931581 8.752732 8.584103 8.425360 8.276004 8.135515 8.003133 7.878044 7.759376 7.646172 7.537537 7.432457 7.329913 7.228990 7.128572 7.027746 6.925500 6.820836 6.712873 6.600693 6.483468 6.360469 6.231056 6.094861 5.951629 5.801390 5.644483 5.481536 5.313673 5.142247 4.968982 4.795822 4.625034 4.458805 4.299297 4.148478 4.007963 3.879093 3.762641 3.658976 3.568043 3.489401 3.422384 3.366044 3.319328 3.281120 3.250295 3.225790 3.206590 3.191780 3.180557 3.172204 3.166123 3.161803
10.460353 10.227721 9.999246 9.776348 9.560402 9.352333 9.152818 8.962482 8.781339 8.609528 8.446795 8.292717 8.146852 8.008511 7.876956 7.751373 7.630862 7.514586 7.401576 7.290851 7.181548 7.072590 6.963121 6.852180 6.738842 6.622317 6.501787 6.376550 6.246029 6.109746 5.967531 5.819323 5.665359 5.506172 5.342555 5.175756 5.007181 4.838535 4.671662 4.508624 4.351339 4.201641 4.061133 3.931073 3.812453 3.705765 3.611154 3.528410 3.457012 3.396264 3.345250 3.302976 3.268412 3.240530 3.218368 3.201007 3.187623 3.177492 3.169965 3.164504 3.160645
10.472637 10.244269 10.019310 9.799084 9.584894 9.377627 9.177952 8.986506 8.803339 8.628647 8.462233 8.303745 8.152812 8.008819 7.871091 7.738887 7.611364 7.487748 7.367121 7.248562 7.131263 7.014199 6.896589 6.777548 6.656228 6.531945 6.403999 6.271822 6.134980 5.993165 5.846376 5.694726 5.538615 5.378716 5.215928 5.051550 4.886978 4.723832 4.563800 4.408724 4.260238 4.119870 3.988901 3.868289 3.758749 3.660555 3.573692 3.497853 3.432476 3.376865 3.330150 3.291408 3.259691 3.234064 3.213655 3.197635 3.185254 3.175862 3.168867 3.163781 3.160179
10.477954 10.253655 10.032095 9.814499 9.602094 9.395730 9.196055 9.003716 8.818785 8.641499 8.471717 8.309147 8.153488 8.004188 7.860646 7.722184 7.588024 7.457458 7.329638 7.203695 7.078901 6.954294 6.829175 6.702741 6.574247 6.443116 6.308768 6.170769 6.028829 5.882782 5.732781 5.579078 5.422192 5.262883 5.102103 4.941144 4.781340 4.624187 4.471193 4.323963 4.183875 4.052174 3.929869 3.817668 3.716072 3.625196 3.544911 3.474853 3.414444 3.363013 3.319740 3.283773 3.254248 3.230313 3.211176 3.196087 3.184368 3.175424 3.168720 3.163806 3.160295
10.476623 10.256186 10.037885 9.822852 9.612243 9.406858 9.207325 9.014290 8.827835 8.648244 8.475416 8.309109 8.149088 7.994867 7.845913 7.701615 7.561262 7.424220 7.289705 7.156927 7.025235 6.893738 6.761831 6.628802 6.494008 6.356990 6.217281 6.074575 5.928709 5.779649 5.627666 5.473114 5.316592 5.158906 5.001009 4.844145 4.689553 4.538584 4.392555 4.252848 4.120599 3.996812 3.882271 3.777482 3.682779 3.598163 3.523429 3.458181 3.401850 3.353794 3.313252 3.279439 3.251569 3.228864 3.210609 3.196121 3.184782 3.176052 3.169438 3.164530 3.160967
10.468988 10.252205 10.037017 9.824471 9.615647 9.411304 9.212035 9.018485 8.830750 8.649139 8.473583 8.303900 8.139910 7.981187 7.827265 7.677602 7.531560 7.388576 7.247943 7.108944 6.971017 6.833352 6.695437 6.556660 6.416476 6.274538 6.130491 5.984146 5.835449 5.684469 5.531571 5.377178 5.221930 5.066642 4.912233 4.759874 4.610687 4.465866 4.326547 4.193900 4.068856 3.952208 3.844553 3.746245 3.657488 3.578200 3.508130 3.446869 3.393865 3.348516 3.310118 3.277950 3.251295 3.229447 3.211756 3.197599 3.186413 3.177703 3.171017 3.165975 3.162243
10.455417 10.242085 10.029867 9.819724 9.612671 9.409417 9.210533 9.016646 8.827864 8.644510 8.466562 8.293873 8.126321 7.963542 7.805130 7.650615 7.499429 7.351087 7.204959 7.060405 6.916955 6.773883 6.630772 6.487105 6.342435 6.196523 6.049113 5.900115 5.749570 5.597625 5.444709 5.291286 5.138006 4.985665 4.835129 4.687472 4.543692 4.404829 4.271848 4.145732 4.027230 3.916965 3.815381 3.722708 3.639058 3.564289 3.498124 3.440156 3.389855 3.346661 3.309924 3.278986 3.253191 3.231896 3.214512 3.200469 3.189251 3.180406 3.173513 3.168223 3.164225
10.436296 10.226222 10.016835 9.809015 9.603718 9.401604 9.203211 9.009161 8.819559 8.634752 8.454745 8.279431 8.108743 7.942367 7.779968 7.621140 7.465385 7.312300 7.161329 7.011916 6.863678 6.715970 6.568474 6.420764 6.272485 6.123493 5.973620 5.822860 5.671324 5.519222 5.367021 5.215197 5.064394 4.915364 4.768904 4.625985 4.487481 4.354286 4.227210 4.107071 3.994463 3.889869 3.793611 3.705824 3.626551 3.555608 3.492708 3.437450 3.389336 3.347844 3.312375 3.282329 3.257108 3.236126 3.218843 3.204740 3.193344 3.184238 3.177033 3.171404 3.167059
10.412024 10.205029 9.998343 9.792778 9.589221 9.388292 9.190506 8.996463 8.806273 8.620297 8.438569 8.261016 8.087623 7.918129 7.752257 7.589673 7.429943 7.272744 7.117598 6.964026 6.811736 6.660160 6.509071 6.358130 6.207065 6.055817 5.904294 5.752552 5.600762 5.449170 5.298262 5.148511 5.000534 4.855028 4.712711 4.574451 4.441005 4.313130 4.191499 4.076787 3.969461 3.869886 3.778290 3.694732 3.619205 3.551500 3.491326 3.438297 3.391943 3.351783 3.317266 3.287843 3.262968 3.242106 3.224765 3.210469 3.198780 3.189317 3.181717 3.175680 3.170931
10.382999 10.178926 9.974830 9.771451 9.569633 9.369945 9.172874 8.979010 8.788462 8.601604 8.418494 8.239092 8.063427 7.891296 7.722474 7.556692 7.393586 7.232906 7.074250 6.917213 6.761588 6.606886 6.452961 6.299550 6.146460 5.993701 5.841242 5.689194 5.537763 5.387218 5.238048 5.090709 4.945778 4.803892 4.665687 4.531932 4.403269 4.280341 4.163694 4.053889 3.951280 3.856138 3.768617 3.688720 3.616401 3.551439 3.493543 3.442344 3.397403 3.358277 3.324459 3.295447 3.270741 3.249853 3.232331 3.217739 3.205676 3.195786 3.187736 3.181242 3.176051
10.349636 10.148340 9.946733 9.745494 9.545411 9.347022 9.150784 8.957272 8.766598 8.579142 8.394987 8.214124 8.036626 7.862330 7.691078 7.522655 7.356764 7.193226 7.031705 6.871879 6.713611 6.556483 6.400427 6.245251 6.090822 5.937211 5.784441 5.632654 5.482084 5.333008 5.185907 5.041210 4.899446 4.761187 4.626993 4.497539 4.373362 4.255001 4.142900 4.037513 3.939109 3.847883 3.763926 3.687201 3.617637 3.555001 3.499011 3.449318 3.405511 3.367181 3.333864 3.305099 3.280427 3.259404 3.241616 3.226659 3.214165 3.203807 3.195272 3.188299 3.182648
10.312321 10.113683 9.914485 9.715351 9.517018 9.319994 9.124707 8.931724 8.741152 8.553380 8.368510 8.186572 8.007664 7.831677 7.658504 7.487980 7.319879 7.154081 6.990323 6.828346 6.668081 6.509184 6.351647 6.195340 6.040186 5.886303 5.733748 5.582696 5.433391 5.286110 5.141313 4.999399 4.860844 4.726161 4.595833 4.470445 4.350450 4.236290 4.128322 4.026912 3.932257 3.844491 3.763659 3.689692 3.622497 3.561844 3.507457 3.459006 3.416110 3.378391 3.345423 3.316782 3.292050 3.270818 3.252705 3.237344 3.224391 3.213546 3.204517 3.197063 3.190962
10.271450 10.075375 9.878520 9.681467 9.484909 9.289320 9.095112 8.902830 8.712585 8.524779 8.339523 8.156877 7.976977 7.799756 7.625147 7.453050 7.283288 7.115805 6.950397 6.786867 6.625214 6.465145 6.306715 6.149844 5.994501 5.840841 5.688952 5.539021 5.391298 5.246052 5.103718 4.964660 4.829305 4.698103 4.571468 4.449905 4.333791 4.223485 4.119269 4.021440 3.930132 3.845432 3.767346 3.695784 3.630641 3.571686 3.518654 3.471236 3.429076 3.391828 3.359096 3.330494 3.305639 3.284152 3.265688 3.249907 3.236491 3.225166 3.215658 3.207747 3.201225
10.227419 10.033819 9.839261 9.644280 9.449530 9.255455 9.062449 8.871048 8.681355 8.493780 8.308458 8.125463 7.944969 7.766949 7.591376 7.418201 7.247299 7.078666 6.912156 6.747631 6.585140 6.424445 6.265649 6.108713 5.953650 5.800635 5.649780 5.501281 5.355385 5.212348 5.072577 4.936397 4.804189 4.676345 4.553216 4.435239 4.322717 4.215945 4.115139 4.020536 3.932224 3.850249 3.774590 3.705138 3.641780 3.584290 3.532416 3.485866 3.444308 3.407425 3.374852 3.346234 3.321220 3.299462 3.280644 3.264451 3.250593 3.238816 3.228868 3.220545 3.213659
10.180586 9.989400 9.797107 9.604199 9.411298 9.218826 9.027151 8.836802 8.647881 8.460798 8.275712 8.092716 7.912011 7.733603 7.557509 7.383723 7.212164 7.042881 6.875776 6.710759 6.547932 6.387096 6.228398 6.071835 5.917446 5.765434 5.615917 5.469098 5.325213 5.184503 5.047347 4.914032 4.784894 4.660270 4.540458 4.425831 4.316633 4.213102 4.115400 4.023714 3.938092 3.858551 3.785044 3.717456 3.655665 3.599455 3.548580 3.502771 3.461717 3.425127 3.392663 3.364001 3.338817 3.316793 3.297638 3.281065 3.266804 3.254624 3.244294 3.235629 3.228456
