tests/outputSonde4/outvarComp.dat
NCOLS   150
NROWS   150
XLLCORNER         235.050
YLLCORNER          38.050
CELLSIZE           0.100          0.100
NODATA_VALUE -9999.
[rows 0 to 26 of 150, columns 61 to 121 of 150]
7.697322 7.588849 7.478872 7.367373 7.254428 7.140019 7.024139 6.906897 6.788192 6.668143 6.546740 6.423984 6.299969 6.174693 6.048192 5.920503 5.791628 5.661678 5.530667 5.398600 5.265636 5.131682 4.996896 4.861294 4.724910 4.587870 4.450194 4.311954 4.173213 4.034007 3.894474 3.754653 3.614618 3.474445 3.334167 3.193948 3.053827 2.913875 2.774146 2.634798 2.495871 2.357447 2.219613 2.082411 1.945999 1.810420 1.675758 1.542090 1.409461 1.278016 1.147800 1.018883 0.891338 0.765197 0.640602 0.517573 0.396147 0.276478 0.158494 0.042340 -0.071968
7.773242 7.663650 7.552504 7.439792 7.325581 7.209857 7.092609 6.973956 6.853782 6.732219 6.609250 6.484876 6.359188 6.232192 6.103918 5.974407 5.843657 5.711784 5.578799 5.444708 5.309678 5.173602 5.036652 4.898846 4.760211 4.620874 4.480869 4.340262 4.199116 4.057466 3.915464 3.773146 3.630586 3.487864 3.345019 3.202216 3.059494 2.916938 2.774594 2.632626 2.491081 2.350047 2.209607 2.069812 1.930824 1.792689 1.655497 1.519324 1.384221 1.250341 1.117728 0.986455 0.856601 0.728203 0.601401 0.476225 0.352710 0.231014 0.111063 -0.006989 -0.123124
7.850858 7.740170 7.627879 7.513969 7.398513 7.281497 7.162905 7.042855 6.921235 6.798169 6.673647 6.547668 6.420322 6.291618 6.161580 6.030253 5.897636 5.763844 5.628891 5.492780 5.355676 5.217485 5.078364 4.938346 4.797448 4.655810 4.513461 4.370466 4.226899 4.082790 3.938296 3.793454 3.648341 3.503046 3.357601 3.212182 3.066827 2.921624 2.776628 2.632002 2.487800 2.344107 2.201022 2.058592 1.916982 1.776248 1.636476 1.497754 1.360136 1.223770 1.088717 0.955046 0.822841 0.692142 0.563097 0.435733 0.310090 0.186331 0.064383 -0.055594 -0.173586
7.930145 7.818382 7.704970 7.589891 7.473215 7.354926 7.235011 7.113584 6.990536 6.865989 6.739935 6.612365 6.483382 6.352977 6.221195 6.088062 5.953587 5.817889 5.680969 5.542844 5.403673 5.263359 5.122075 4.979839 4.836677 4.692730 4.548023 4.402631 4.256629 4.110044 3.963036 3.815649 3.667964 3.520063 3.371995 3.223923 3.075904 2.928023 2.780337 2.633012 2.486113 2.339726 2.193949 2.048839 1.904565 1.761181 1.618788 1.477472 1.337286 1.198398 1.060856 0.924743 0.790146 0.657104 0.525770 0.396184 0.268375 0.142517 0.018539 -0.103400 -0.223275
8.011091 7.898283 7.783775 7.667550 7.549675 7.430140 7.308923 7.186146 7.061694 6.935688 6.808122 6.678981 6.548376 6.416297 6.282778 6.147860 6.011540 5.873942 5.735071 5.594939 5.453706 5.311279 5.167828 5.023378 4.877949 4.731685 4.584617 4.436819 4.288367 4.139292 3.989757 3.839807 3.689524 3.538993 3.388272 3.237525 3.086808 2.936216 2.785801 2.635748 2.486110 2.336986 2.188478 2.040641 1.893659 1.747588 1.602522 1.458564 1.315771 1.174308 1.034235 0.895634 0.758596 0.623169 0.489509 0.357652 0.227638 0.099649 -0.026396 -0.150325 -0.272119
8.093671 7.979842 7.864266 7.746921 7.627881 7.507121 7.384635 7.260533 7.134698 7.007259 6.878198 6.747520 6.615314 6.481578 6.346348 6.209660 6.071514 5.932033 5.791222 5.649094 5.505812 5.361281 5.215669 5.069005 4.921311 4.772731 4.623299 4.473093 4.322182 4.170603 4.018527 3.865998 3.713098 3.559923 3.406519 3.253071 3.099625 2.946290 2.793118 2.640293 2.487881 2.335983 2.184700 2.034096 1.884360 1.735552 1.587774 1.441127 1.295675 1.151594 1.008940 0.867807 0.728286 0.590428 0.454396 0.320230 0.187974 0.057809 -0.070336 -0.196293 -0.320034
8.177847 8.063030 7.946419 7.827981 7.707801 7.585853 7.462122 7.336719 7.209535 7.080690 6.950171 6.817974 6.684189 6.548820 6.411901 6.273468 6.133519 5.992173 5.849441 5.705334 5.560019 5.413393 5.265634 5.116763 4.966808 4.815922 4.664127 4.511502 4.358128 4.204043 4.049417 3.894292 3.738763 3.582919 3.426821 3.270643 3.114447 2.958337 2.802372 2.646749 2.491523 2.336808 2.182714 2.029300 1.876768 1.725178 1.574641 1.425261 1.277107 1.130357 0.985075 0.841362 0.699311 0.558978 0.420528 0.284010 0.149467 0.017090 -0.113196 -0.241215 -0.366934
8.263587 8.147817 8.030197 7.910707 7.789417 7.666309 7.541367 7.414699 7.286194 7.155973 7.024020 6.890333 6.755006 6.618038 6.479455 6.339298 6.197571 6.054387 5.909756 5.763690 5.616355 5.467655 5.317760 5.166699 5.014497 4.861301 4.707150 4.552118 4.396280 4.239681 4.082499 3.924771 3.766596 3.608075 3.449255 3.290332 3.131363 2.972452 2.813666 2.655206 2.497135 2.339567 2.182622 2.026359 1.870986 1.716570 1.563228 1.411067 1.260160 1.110694 0.962741 0.816398 0.671769 0.528915 0.388002 0.249085 0.112217 -0.022416 -0.154881 -0.284998 -0.412735
8.350857 8.234158 8.115565 7.995051 7.872689 7.748460 7.622334 7.494436 7.364645 7.233082 7.099734 6.964591 6.827751 6.689207 6.548998 6.407147 6.263669 6.118673 5.972173 5.824173 5.674848 5.524091 5.372084 5.218848 5.064407 4.908925 4.752422 4.594985 4.436690 4.277584 4.117841 3.957509 3.796683 3.635468 3.473917 3.312226 3.150458 2.988726 2.827091 2.665766 2.504816 2.344365 2.184524 2.025374 1.867121 1.709837 1.553642 1.398654 1.244948 1.092718 0.942043 0.793022 0.645767 0.500342 0.356920 0.215565 0.076318 -0.060612 -0.195296 -0.327551 -0.457340
8.439597 8.322011 8.202480 8.080979 7.957580 7.832259 7.704991 7.575903 7.444860 7.311993 7.177286 7.040719 6.902406 6.762327 6.620521 6.477020 6.331821 6.185048 6.036703 5.886804 5.735514 5.582725 5.428626 5.273240 5.116589 4.958827 4.799996 4.640164 4.479423 4.317812 4.155513 3.992570 3.829095 3.665181 3.500886 3.336415 3.171835 3.007255 2.842751 2.678533 2.514677 2.351305 2.188537 2.026458 1.865283 1.705084 1.545995 1.388133 1.231581 1.076542 0.923093 0.771347 0.621414 0.473370 0.327394 0.183546 0.041879 -0.097392 -0.234340 -0.368774 -0.500655
8.529760 8.411321 8.290892 8.168436 8.044039 7.917666 7.789297 7.659049 7.526799 7.392668 7.256638 7.118698 6.978943 6.837373 6.694010 6.548890 6.402013 6.253500 6.103354 5.951583 5.798359 5.643576 5.487417 5.329907 5.171069 5.011060 4.849909 4.687707 4.524533 4.360429 4.195581 4.030041 3.863908 3.697291 3.530249 3.362990 3.195582 3.028142 2.860747 2.693613 2.526822 2.360497 2.194770 2.029727 1.865587 1.702435 1.540408 1.379625 1.220181 1.062279 0.906009 0.751484 0.598829 0.448113 0.299529 0.153141 0.009012 -0.132652 -0.271909 -0.408562 -0.542576
8.621280 8.502025 8.380729 8.257366 8.132008 8.004625 7.875196 7.743835 7.610420 7.475064 7.337757 7.198483 7.057336 6.914311 6.769438 6.622746 6.474231 6.324019 6.172110 6.018507 5.863396 5.706655 5.548471 5.388872 5.227872 5.065646 4.902211 4.737657 4.572068 4.405492 4.238110 4.069978 3.901201 3.731884 3.562097 3.392042 3.221798 3.051484 2.881182 2.711111 2.541360 2.372056 2.203338 2.035296 1.868158 1.702014 1.536998 1.373255 1.210868 1.050058 0.890916 0.733564 0.578129 0.424694 0.273450 0.124471 -0.022177 -0.166276 -0.307887 -0.446809 -0.582996
8.714093 8.594060 8.471943 8.347707 8.221432 8.093082 7.962633 7.830205 7.695663 7.559137 7.420597 7.280035 7.137542 6.993115 6.846777 6.698560 6.548460 6.396595 6.242968 6.087588 5.930624 5.771966 5.611804 5.450151 5.287038 5.122622 4.956936 4.790061 4.622089 4.453060 4.283165 4.112461 3.941051 3.769045 3.596511 3.423667 3.250583 3.077387 2.904163 2.731142 2.558408 2.386102 2.214365 2.043291 1.873118 1.703938 1.535903 1.369146 1.203772 1.040005 0.877939 0.717708 0.559444 0.403231 0.249277 0.097655 -0.051562 -0.198148 -0.342165 -0.483400 -0.621806
8.808125 8.687353 8.564451 8.439388 8.312235 8.182964 8.051543 7.918093 7.782478 7.644821 7.505103 7.363303 7.219521 7.073739 6.925989 6.776299 6.624659 6.471199 6.315911 6.158793 6.000036 5.839513 5.677416 5.513761 5.348572 5.182014 5.014114 4.844960 4.674636 4.503185 4.330806 4.157551 3.983526 3.808846 3.633580 3.457950 3.282029 3.105950 2.929799 2.753811 2.578083 2.402754 2.227972 2.053836 1.880593 1.708347 1.537245 1.367435 1.199026 1.032253 0.867217 0.704054 0.542906 0.383865 0.227143 0.072823 -0.079018 -0.228147 -0.374619 -0.518218 -0.658893
8.903295 8.781819 8.658177 8.532330 8.404343 8.274196 8.141849 8.007424 7.870782 7.732052 7.591206 7.448225 7.303202 7.156126 7.007020 6.855914 6.702800 6.547795 6.390899 6.232114 6.071618 5.909284 5.745304 5.579701 5.412492 5.243839 5.073773 4.902382 4.729748 4.555917 4.381089 4.205315 4.028699 3.851370 3.673389 3.494986 3.316237 3.137278 2.958198 2.779242 2.600501 2.422134 2.244285 2.067066 1.890723 1.715372 1.541165 1.368264 1.196774 1.026946 0.858885 0.692736 0.528652 0.366725 0.207181 0.050107 -0.104413 -0.256137 -0.405121 -0.551136 -0.694131
8.999507 8.877375 8.753031 8.626436 8.497665 8.366684 8.233463 8.098114 7.960505 7.820749 7.678831 7.534725 7.388521 7.240211 7.089813 6.937352 6.782825 6.626340 6.467902 6.307509 6.145335 5.981256 5.815462 5.647970 5.478795 5.308107 5.135934 4.962354 4.787460 4.611296 4.434058 4.255802 4.076639 3.896688 3.716020 3.534862 3.353300 3.171473 2.989469 2.807539 2.625789 2.444367 2.263436 2.083107 1.903641 1.725155 1.547811 1.371770 1.197160 1.024227 0.853093 0.683908 0.516830 0.351963 0.189539 0.029654 -0.127606 -0.281987 -0.433537 -0.582026 -0.727394
9.096675 8.973922 8.848917 8.721624 8.592113 8.460348 8.326300 8.190078 8.051551 7.910836 7.767900 7.622725 7.475407 7.325922 7.174295 7.020551 6.864674 6.706784 6.546871 6.384942 6.221160 6.055407 5.887863 5.718549 5.547481 5.374824 5.200602 5.024899 4.847805 4.669359 4.489766 4.309076 4.127406 3.944872 3.761549 3.577669 3.393317 3.208633 3.023721 2.838828 2.654060 2.469586 2.285559 2.102104 1.919491 1.737838 1.557321 1.378111 1.200334 1.024251 0.849993 0.677718 0.507591 0.339726 0.174364 0.011603 -0.148455 -0.305552 -0.459733 -0.610753 -0.758554
9.194691 9.071358 8.945734 8.817783 8.687575 8.555077 8.420252 8.283216 8.143826 8.002203 7.858315 7.712139 7.563767 7.413180 7.260394 7.105436 6.948284 6.789059 6.627754 6.464354 6.299048 6.131693 5.962480 5.791421 5.618534 5.443980 5.267784 5.090028 4.910800 4.730140 4.548249 4.365186 4.181059 3.995991 3.810055 3.623490 3.436379 3.248871 3.061062 2.873220 2.685448 2.497914 2.310787 2.124197 1.938418 1.753577 1.569857 1.387439 1.206453 1.027181 0.849747 0.674331 0.501098 0.330173 0.161810 -0.003884 -0.166806 -0.326682 -0.483555 -0.637174 -0.787467
9.293442 9.169564 9.043362 8.914801 8.783944 8.650758 8.515211 8.377411 8.237217 8.094745 7.949968 7.802856 7.653501 7.501883 7.348009 7.191911 7.033565 6.873085 6.710463 6.545688 6.378934 6.210067 6.039266 5.866549 5.691926 5.515556 5.337470 5.157742 4.976455 4.793655 4.609540 4.424167 4.237646 4.050102 3.861607 3.672402 3.482575 3.292275 3.101604 2.910832 2.720067 2.529485 2.339262 2.149524 1.960565 1.772521 1.585570 1.399913 1.215683 1.033172 0.852519 0.673906 0.497514 0.323471 0.152044 -0.016648 -0.182500 -0.345221 -0.504854 -0.661135 -0.813987
9.392823 9.268438 9.141697 9.012564 8.881105 8.747281 8.611059 8.472553 8.331610 8.188354 8.042754 7.894773 7.744504 7.591926 7.437044 7.279891 7.120431 6.958784 6.794928 6.628866 6.460756 6.290465 6.118173 5.943890 5.767623 5.589537 5.409646 5.228032 5.044779 4.859921 4.673664 4.486060 4.297218 4.107266 3.916277 3.724489 3.532000 3.338950 3.145453 2.951783 2.758049 2.564433 2.371118 2.178242 1.986096 1.794827 1.604630 1.415703 1.228195 1.042406 0.858485 0.676624 0.497015 0.319793 0.145241 -0.026521 -0.195366 -0.361005 -0.523467 -0.682483 -0.837964
9.492691 9.367834 9.240597 9.110931 8.978913 8.844502 8.707658 8.568499 8.426869 8.282888 8.136529 7.987749 7.836643 7.683179 7.527378 7.369245 7.208759 7.046035 6.881050 6.713793 6.544425 6.372809 6.199128 6.023379 5.845572 5.665866 5.484275 5.300876 5.115752 4.928936 4.740628 4.550880 4.359806 4.167528 3.974113 3.779812 3.584720 3.388983 3.192707 2.996178 2.799509 2.602888 2.406501 2.210488 2.015158 1.820660 1.627196 1.434975 1.244161 1.055057 0.867824 0.682661 0.499780 0.319322 0.141578 -0.033318 -0.205231 -0.373861 -0.539226 -0.701049 -0.859233
9.592930 9.467636 9.339932 9.209780 9.077244 8.942288 8.804873 8.665112 8.522855 8.378218 8.231163 8.081656 7.929790 7.775528 7.618878 7.459863 7.298444 7.134734 6.968714 6.800362 6.629846 6.457014 6.282047 6.104947 5.925713 5.744500 5.561322 5.376247 5.189360 5.000692 4.810437 4.618651 4.425437 4.230924 4.035178 3.838446 3.640821 3.442462 3.243471 3.044136 2.844575 2.644980 2.445547 2.246417 2.047910 1.850180 1.653441 1.457914 1.263760 1.071306 0.880720 0.692212 0.506001 0.322244 0.141245 -0.036854 -0.211912 -0.383603 -0.551951 -0.716660 -0.877627
9.693400 9.567697 9.439562 9.308956 9.175943 9.040489 8.902554 8.762249 8.619420 8.474186 8.326507 8.176348 8.023792 7.868812 7.711407 7.551596 7.389343 7.224752 7.057799 6.888463 6.716907 6.542975 6.366842 6.188508 6.007962 5.825367 5.640719 5.454098 5.265568 5.075168 4.883085 4.689373 4.494132 4.297485 4.099506 3.900440 3.700378 3.499473 3.297837 3.095757 2.893362 2.690840 2.488397 2.286177 2.084512 1.883559 1.683542 1.484692 1.287182 1.091351 0.897370 0.705470 0.515875 0.328760 0.144437 -0.036939 -0.215208 -0.390045 -0.561458 -0.729133 -0.892970
9.793953 9.667865 9.539330 9.408305 9.274857 9.138947 9.000536 8.859735 8.716396 8.570624 8.422392 8.271651 8.118490 7.962871 7.804804 7.644291 7.481301 7.315933 7.148160 6.977954 6.805475 6.630563 6.453393 6.273951 6.092231 5.908378 5.722403 5.534363 5.344326 5.152323 4.958543 4.763030 4.565888 4.367231 4.167133 3.965837 3.763434 3.560081 3.355890 3.151144 2.945982 2.740595 2.535185 2.329917 2.125118 1.920958 1.717673 1.515495 1.314616 1.115375 0.917968 0.722633 0.529608 0.339074 0.151362 -0.033360 -0.214927 -0.392986 -0.567544 -0.738280 -0.905070
9.894448 9.768003 9.639092 9.507678 9.373827 9.237500 9.098660 8.957420 8.813621 8.667377 8.518653 8.367402 8.213715 8.057547 7.898904 7.737791 7.574161 7.408126 7.239648 7.068692 6.895415 6.719655 6.541576 6.361168 6.178409 5.993450 5.806282 5.616969 5.425573 5.232115 5.036778 4.839608 4.640698 4.440167 4.238081 4.034680 3.830055 3.624363 3.417712 3.210396 3.002548 2.794362 2.586057 2.377783 2.169892 1.962554 1.756013 1.550514 1.346254 1.143591 0.942730 0.743919 0.547411 0.353399 0.162234 -0.025907 -0.210845 -0.392216 -0.570011 -0.743893 -0.913737
9.994723 9.867935 9.738671 9.606895 9.472672 9.335969 9.196738 9.055101 8.910899 8.764240 8.615090 8.463404 8.309266 8.152637 7.993509 7.831892 7.667740 7.501147 7.332078 7.160499 6.986557 6.810084 6.631239 6.450006 6.266362 6.080445 5.892244 5.701818 5.509219 5.314461 5.117731 4.919059 4.718537 4.516281 4.312348 4.106983 3.900268 3.692362 3.483372 3.273593 3.063155 2.852264 2.641132 2.429924 2.218990 2.008510 1.798741 1.589934 1.382294 1.176199 0.971859 0.769539 0.569504 0.371963 0.177277 -0.014355 -0.202745 -0.387512 -0.568637 -0.745765 -0.918758
10.094619 9.967504 9.837905 9.705786 9.571218 9.434168 9.294586 9.152597 9.008038 8.861023 8.711514 8.559464 8.404957 8.247944 8.088430 7.926408 7.761835 7.594803 7.425270 7.253195 7.078724 6.901681 6.722222 6.540320 6.355947 6.169235 5.980173 5.788798 5.595165 5.399285 5.201327 5.001324 4.799362 4.595548 4.389930 4.182755 3.974103 3.764124 3.552928 3.340810 3.127901 2.914403 2.700538 2.486471 2.272562 2.058997 1.846038 1.633947 1.422942 1.213410 1.005576 0.799719 0.596115 0.394991 0.196726 0.001529 -0.190396 -0.378646 -0.563194 -0.743667 -0.919911
