tests/outputSonde4/outvarComp.dat
NCOLS   150
NROWS   150
XLLCORNER         235.050
YLLCORNER          38.050
CELLSIZE           0.100          0.100
NODATA_VALUE -9999.
[rows 125 to 149 of 150, columns 57 to 113 of 150]
-58.140594 -57.712395 -57.275948 -56.834057 -56.389202 -55.943878 -55.500404 -55.060799 -54.627125 -54.200787 -53.782841 -53.374470 -52.975693 -52.586975 -52.208015 -51.838272 -51.477200 -51.123745 -50.776760 -50.434963 -50.096844 -49.761097 -49.426079 -49.090164 -48.752098 -48.410053 -48.062973 -47.709557 -47.348728 -46.979919 -46.602619 -46.216755 -45.822647 -45.420975 -45.013218 -44.601036 -44.186680 -43.772835 -43.362465 -42.959167 -42.566341 -42.187489 -41.825905 -41.484848 -41.166840 -40.873940 -40.607574 -40.368439 -40.156754 -39.971916 -39.812851 -39.678024 -39.565559 -39.473385 -39.399261 -39.340885 -39.296028
-58.040443 -57.617512 -57.186142 -56.748924 -56.308067 -55.865875 -55.424480 -54.985722 -54.551556 -54.123276 -53.701927 -53.288635 -52.883476 -52.486950 -52.098866 -51.718750 -51.346191 -50.980289 -50.620029 -50.264282 -49.911720 -49.561226 -49.211349 -48.860661 -48.508152 -48.152218 -47.792038 -47.426598 -47.055073 -46.677212 -46.292747 -45.901901 -45.505226 -45.103622 -44.698734 -44.292290 -43.886543 -43.484100 -43.087753 -42.700741 -42.326096 -41.966873 -41.625832 -41.305687 -41.008438 -40.735657 -40.488350 -40.266884 -40.071224 -39.900642 -39.753990 -39.629807 -39.526253 -39.441429 -39.373249 -39.319622 -39.278481
-57.930031 -57.511795 -57.084969 -56.651917 -56.214653 -55.775272 -55.335747 -54.897751 -54.463120 -54.033096 -53.608612 -53.190857 -52.779858 -52.376221 -51.979786 -51.590187 -51.207157 -50.829884 -50.457542 -50.089165 -49.723579 -49.359875 -48.996799 -48.633114 -48.268051 -47.900223 -47.529083 -47.153843 -46.773926 -46.389351 -46.000088 -45.606556 -45.209518 -44.810020 -44.409775 -44.010536 -43.614510 -43.224140 -42.841972 -42.470947 -42.113705 -41.772858 -41.450714 -41.149509 -40.870800 -40.615776 -40.385094 -40.178886 -39.996941 -39.838432 -39.702217 -39.586864 -39.490658 -39.411827 -39.348431 -39.298561 -39.260330
-57.809883 -57.395821 -56.973053 -56.543739 -56.109718 -55.672871 -55.235046 -54.797760 -54.362747 -53.931152 -53.503891 -53.082115 -52.665874 -52.255806 -51.851849 -51.453712 -51.061249 -50.673775 -50.290619 -49.910976 -49.533836 -49.158501 -48.783894 -48.408997 -48.033272 -47.655525 -47.275455 -46.892506 -46.506317 -46.117138 -45.725128 -45.330875 -44.935287 -44.539474 -44.145195 -43.754162 -43.368462 -42.990379 -42.622169 -42.266487 -41.925598 -41.601723 -41.296761 -41.012543 -40.750267 -40.510803 -40.294548 -40.101440 -39.931160 -39.782829 -39.655319 -39.547249 -39.457027 -39.383003 -39.323395 -39.276432 -39.240387
-57.680565 -57.270241 -56.851105 -56.425152 -55.994041 -55.559517 -55.123249 -54.686653 -54.251366 -53.818428 -53.388741 -52.963409 -52.542538 -52.126789 -51.716164 -51.310436 -50.909603 -50.513134 -50.120445 -49.730927 -49.343735 -48.958340 -48.573887 -48.189529 -47.804955 -47.419170 -47.032078 -46.643341 -46.252800 -45.860870 -45.467865 -45.074505 -44.681782 -44.290852 -43.903442 -43.521202 -43.146065 -42.780113 -42.425377 -42.084164 -41.758430 -41.450058 -41.160561 -40.891464 -40.643639 -40.417717 -40.213898 -40.031979 -39.871552 -39.731724 -39.611393 -39.509262 -39.423832 -39.353577 -39.296837 -39.252007 -39.217484
-57.542645 -57.135670 -56.719799 -56.296894 -55.868446 -55.436062 -55.001282 -54.565388 -54.129932 -53.695919 -53.264172 -52.835804 -52.410915 -51.990227 -51.573788 -51.161465 -50.753380 -50.349068 -49.948158 -49.550148 -49.154366 -48.760479 -48.367783 -47.975655 -47.583950 -47.191879 -46.799530 -46.406738 -46.013515 -45.620411 -45.227875 -44.836708 -44.447945 -44.062729 -43.682758 -43.309551 -42.944931 -42.590717 -42.248734 -41.921013 -41.609165 -41.314777 -41.039108 -40.783348 -40.548153 -40.333931 -40.140743 -39.968296 -39.816109 -39.683296 -39.568810 -39.471405 -39.389690 -39.322250 -39.267555 -39.224113 -39.190456
-57.396698 -56.992725 -56.579842 -56.159714 -55.733719 -55.303345 -54.869987 -54.434868 -53.999416 -53.564587 -53.131172 -52.700287 -52.272026 -51.847141 -51.425755 -51.007835 -50.593548 -50.182606 -49.774746 -49.369587 -48.966648 -48.565758 -48.166386 -47.768059 -47.370819 -46.974068 -46.578033 -46.182716 -45.788254 -45.395317 -45.004433 -44.616455 -44.232437 -43.853500 -43.481247 -43.117104 -42.762676 -42.419655 -42.089592 -41.774254 -41.475014 -41.193176 -40.929741 -40.685654 -40.461403 -40.257210 -40.073044 -39.908524 -39.763126 -39.636005 -39.526142 -39.432354 -39.353363 -39.287842 -39.234390 -39.191620 -39.158157
-57.243313 -56.842087 -56.431908 -56.014351 -55.590656 -55.162209 -54.730286 -54.296017 -53.860756 -53.425411 -52.990765 -52.557877 -52.126877 -51.698555 -51.273079 -50.850510 -50.431099 -50.014671 -49.601070 -49.190090 -48.781376 -48.374893 -47.970268 -47.567207 -47.165924 -46.765911 -46.367592 -45.971069 -45.576591 -45.184902 -44.796616 -44.412582 -44.033848 -43.661488 -43.297012 -42.941727 -42.597084 -42.264565 -41.945503 -41.641441 -41.353539 -41.082832 -40.830135 -40.596207 -40.381340 -40.185654 -40.009033 -39.851028 -39.711121 -39.588470 -39.482105 -39.390926 -39.313721 -39.249275 -39.196266 -39.153412 -39.119438
-57.083073 -56.684368 -56.276711 -55.861561 -55.440079 -55.013504 -54.583046 -54.149750 -53.714905 -53.279369 -52.843884 -52.409531 -51.976425 -51.545410 -51.116699 -50.690411 -50.266891 -49.846085 -49.427933 -49.012360 -48.599144 -48.188381 -47.779858 -47.373413 -46.969379 -46.567402 -46.168007 -45.771385 -45.377918 -44.988365 -44.603374 -44.223816 -43.850697 -43.485039 -43.128227 -42.781464 -42.446037 -42.123245 -41.814247 -41.520370 -41.242546 -40.981655 -40.738297 -40.513096 -40.306194 -40.117638 -39.947205 -39.794441 -39.658829 -39.539528 -39.435623 -39.346077 -39.269760 -39.205536 -39.152161 -39.108448 -39.073200
-56.916553 -56.520199 -56.114906 -55.702072 -55.282715 -54.858013 -54.429092 -53.996914 -53.562717 -53.127327 -52.691441 -52.256142 -51.821571 -51.388569 -50.957432 -50.528324 -50.101696 -49.677544 -49.255959 -48.836952 -48.420422 -48.006596 -47.595383 -47.186745 -46.781136 -46.378300 -45.978870 -45.583118 -45.191460 -44.804729 -44.423561 -44.048828 -43.681484 -43.322464 -42.973099 -42.634422 -42.307587 -41.993732 -41.693844 -41.409058 -41.140141 -40.887798 -40.652496 -40.434685 -40.234451 -40.051735 -39.886261 -39.737579 -39.605133 -39.488140 -39.385708 -39.296875 -39.220558 -39.155701 -39.101147 -39.055763 -39.018410
-56.744362 -56.350220 -55.947208 -55.536591 -55.119350 -54.696560 -54.269272 -53.838390 -53.405098 -52.970177 -52.534317 -52.098598 -51.663151 -51.228878 -50.796078 -50.365021 -49.936188 -49.509689 -49.085693 -48.664326 -48.245575 -47.829784 -47.416985 -47.007225 -46.601055 -46.198326 -45.799736 -45.405617 -45.016438 -44.633034 -44.256058 -43.886337 -43.524780 -43.172268 -42.829998 -42.498901 -42.180004 -41.874268 -41.582542 -41.305813 -41.044678 -40.799706 -40.571232 -40.359612 -40.164841 -39.986782 -39.825142 -39.679432 -39.549122 -39.433445 -39.331558 -39.242523 -39.165340 -39.098999 -39.042404 -38.994492 -38.954163
-56.567047 -56.175053 -55.774231 -55.365818 -54.950699 -54.529881 -54.104340 -53.674938 -53.242821 -52.808716 -52.373306 -51.937660 -51.501938 -51.067047 -50.633347 -50.201126 -49.770966 -49.343025 -48.917572 -48.494812 -48.074829 -47.658066 -47.244644 -46.834694 -46.428852 -46.027039 -45.630020 -45.238152 -44.851952 -44.472252 -44.099693 -43.735062 -43.379219 -43.032963 -42.697395 -42.373329 -42.061668 -41.763252 -41.478783 -41.209106 -40.954693 -40.715996 -40.493240 -40.286686 -40.096260 -39.921776 -39.762917 -39.619171 -39.490021 -39.374725 -39.272461 -39.182354 -39.103439 -39.034760 -38.975262 -38.923920 -38.879688
-56.385189 -55.995262 -55.596638 -55.190422 -54.777458 -54.358692 -53.935059 -53.507339 -53.076660 -52.643715 -52.209167 -51.774094 -51.338638 -50.903759 -50.469837 -50.037212 -49.606514 -49.177982 -48.751926 -48.328655 -47.908337 -47.491478 -47.078278 -46.668938 -46.264183 -45.863972 -45.469101 -45.079998 -44.697144 -44.321404 -43.953377 -43.593819 -43.243523 -42.903221 -42.573902 -42.256302 -41.951195 -41.659309 -41.381229 -41.117657 -40.868980 -40.635529 -40.417450 -40.214920 -40.027805 -39.855896 -39.698837 -39.556114 -39.427208 -39.311398 -39.207893 -39.115868 -39.034351 -38.962463 -38.899185 -38.843502 -38.794403
-56.199345 -55.811481 -55.415031 -55.011055 -54.600315 -54.183712 -53.762123 -53.336308 -52.907333 -52.475883 -52.042606 -51.608551 -51.173904 -50.739620 -50.306122 -49.873768 -49.443264 -49.014893 -48.589039 -48.166039 -47.746155 -47.329975 -46.917728 -46.509712 -46.106659 -45.708611 -45.316376 -44.930397 -44.551167 -44.179527 -43.816059 -43.461479 -43.116501 -42.781792 -42.458275 -42.146564 -41.847343 -41.561230 -41.288696 -41.030350 -40.786484 -40.557335 -40.342964 -40.143509 -39.958763 -39.788498 -39.632332 -39.489731 -39.360210 -39.243042 -39.137470 -39.042671 -38.957733 -38.881790 -38.813847 -38.752914 -38.697979
-56.010021 -55.624241 -55.229992 -54.828293 -54.419872 -54.005547 -53.586189 -53.162483 -52.735485 -52.305859 -51.874222 -51.441635 -51.008286 -50.575138 -50.142635 -49.711205 -49.281548 -48.854015 -48.429039 -48.007027 -47.588280 -47.173431 -46.762783 -46.356663 -45.955853 -45.560410 -45.171181 -44.788605 -44.413174 -44.045712 -43.686760 -43.337002 -42.997078 -42.667595 -42.349396 -42.043007 -41.749012 -41.467949 -41.200180 -40.946239 -40.706322 -40.480595 -40.269058 -40.071789 -39.888550 -39.719051 -39.562935 -39.419647 -39.288696 -39.169365 -39.060928 -38.962574 -38.873405 -38.792580 -38.719116 -38.652027 -38.590313
-55.817787 -55.434113 -55.042114 -54.642773 -54.236744 -53.824844 -53.407875 -52.986504 -52.561745 -52.134239 -51.704617 -51.273903 -50.842297 -50.410789 -49.979832 -49.549873 -49.121662 -48.695591 -48.272114 -47.851692 -47.434677 -47.021725 -46.613209 -46.209473 -45.811329 -45.418854 -45.032909 -44.653927 -44.282394 -43.919106 -43.564587 -43.219437 -42.884285 -42.559647 -42.246292 -41.944668 -41.655277 -41.378571 -41.114845 -40.864540 -40.627777 -40.404663 -40.195156 -39.999256 -39.816711 -39.647217 -39.490364 -39.345619 -39.212490 -39.090263 -38.978218 -38.875549 -38.781395 -38.694901 -38.615097 -38.541004 -38.471588
-55.623104 -55.241581 -54.851906 -54.455006 -54.051498 -53.642159 -53.227757 -52.808922 -52.386658 -51.961575 -51.534286 -51.105824 -50.676392 -50.246971 -49.818043 -49.390064 -48.963829 -48.539734 -48.118294 -47.699997 -47.285217 -46.874672 -46.468731 -46.067772 -45.672638 -45.283409 -44.900944 -44.525684 -44.158096 -43.798946 -43.448708 -43.107956 -42.777256 -42.457066 -42.148087 -41.850693 -41.565311 -41.292336 -41.031967 -40.784592 -40.550255 -40.329025 -40.120796 -39.925537 -39.742958 -39.572727 -39.414444 -39.267548 -39.131546 -39.005730 -38.889385 -38.781715 -38.681866 -38.588974 -38.502090 -38.420200 -38.342270
-55.426456 -55.047150 -54.659866 -54.265499 -53.864628 -53.457996 -53.046326 -52.630257 -52.210712 -51.788342 -51.363693 -50.937836 -50.510937 -50.084015 -49.657532 -49.232006 -48.808197 -48.386559 -47.967621 -47.551895 -47.139801 -46.732048 -46.329048 -45.931190 -45.539333 -45.153561 -44.774723 -44.403252 -44.039593 -43.684486 -43.338367 -43.001778 -42.675213 -42.359085 -42.054031 -41.760368 -41.478455 -41.208603 -40.950966 -40.705868 -40.473305 -40.253281 -40.045647 -39.850365 -39.667091 -39.495487 -39.335129 -39.185432 -39.045929 -38.915913 -38.794651 -38.681366 -38.575180 -38.475250 -38.380608 -38.290230 -38.203072
-55.228302 -54.851292 -54.466492 -54.074764 -53.676651 -53.272869 -52.864113 -52.450970 -52.034401 -51.614971 -51.193264 -50.770309 -50.346298 -49.922234 -49.498600 -49.075882 -48.654911 -48.236137 -47.820099 -47.407341 -46.998276 -46.593658 -46.193893 -45.799408 -45.411022 -45.028851 -44.653725 -44.286060 -43.926285 -43.575100 -43.232925 -42.900234 -42.577492 -42.265068 -41.963509 -41.673096 -41.394127 -41.126858 -40.871391 -40.627975 -40.396572 -40.177155 -39.969540 -39.773621 -39.589058 -39.415497 -39.252472 -39.099445 -38.955887 -38.821117 -38.694397 -38.574936 -38.461868 -38.354347 -38.251381 -38.151943 -38.054947
-55.029060 -54.654430 -54.272209 -53.883213 -53.487980 -53.087185 -52.681492 -52.271492 -51.858082 -51.441841 -51.023331 -50.603569 -50.182743 -49.761856 -49.341385 -48.921856 -48.504070 -48.088490 -47.675686 -47.266205 -46.860485 -46.459274 -46.062988 -45.672043 -45.287292 -44.908813 -44.537437 -44.173569 -43.817604 -43.470215 -43.131775 -42.802731 -42.483517 -42.174416 -41.875950 -41.588360 -41.311867 -41.046669 -40.792847 -40.550591 -40.319832 -40.100471 -39.892311 -39.695236 -39.508869 -39.332836 -39.166664 -39.009796 -38.861717 -38.721718 -38.589073 -38.462990 -38.342590 -38.227028 -38.115284 -38.006340 -37.899078
-54.829144 -54.456989 -54.077442 -53.691299 -53.299065 -52.901398 -52.498928 -52.092224 -51.682171 -51.269321 -50.854244 -50.437916 -50.020542 -49.603104 -49.186096 -48.770027 -48.355721 -47.943634 -47.534351 -47.128418 -46.726273 -46.328678 -45.936054 -45.548813 -45.167789 -44.793053 -44.425446 -44.065315 -43.713058 -43.369312 -43.034416 -42.708782 -42.392780 -42.086681 -41.790943 -41.505749 -41.231293 -40.967739 -40.715096 -40.473518 -40.242905 -40.023140 -39.813980 -39.615284 -39.426659 -39.247711 -39.077969 -38.916855 -38.763855 -38.618248 -38.479313 -38.346245 -38.218155 -38.094204 -37.973381 -37.854622 -37.736809
-54.628929 -54.259335 -53.882561 -53.499374 -53.110264 -52.715836 -52.316734 -51.913490 -51.506966 -51.097706 -50.686253 -50.273590 -49.859894 -49.446148 -49.032845 -48.620491 -48.209904 -47.801559 -47.396011 -46.993832 -46.595474 -46.201664 -45.812832 -45.429386 -45.052147 -44.681194 -44.317322 -43.960876 -43.612213 -43.271957 -42.940399 -42.617928 -42.304867 -42.001446 -41.708092 -41.424934 -41.152138 -40.889809 -40.637932 -40.396622 -40.165749 -39.945156 -39.734589 -39.533867 -39.342613 -39.160389 -38.986732 -38.821030 -38.662796 -38.511284 -38.365772 -38.225456 -38.089451 -37.956909 -37.826790 -37.698051 -37.569565
-54.428741 -54.061810 -53.687904 -53.307774 -52.921886 -52.530838 -52.135231 -51.735588 -51.332752 -50.927242 -50.519600 -50.110775 -49.700958 -49.291111 -48.881721 -48.473289 -48.066631 -47.662209 -47.260597 -46.862350 -46.467903 -46.078007 -45.693062 -45.313484 -44.940083 -44.572895 -44.212708 -43.859863 -43.514679 -43.177746 -42.849335 -42.529789 -42.219414 -41.918396 -41.627110 -41.345654 -41.074169 -40.812710 -40.561237 -40.319839 -40.088341 -39.866577 -39.654255 -39.451202 -39.256989 -39.071198 -38.893333 -38.722801 -38.559093 -38.401470 -38.249207 -38.101490 -37.957432 -37.816185 -37.676731 -37.537994 -37.398865
-54.228947 -53.864758 -53.493820 -53.116844 -52.734287 -52.346722 -51.954727 -51.558807 -51.159798 -50.758186 -50.354504 -49.949684 -49.543922 -49.138126 -48.732819 -48.328484 -47.925911 -47.525581 -47.128052 -46.733856 -46.343441 -45.957550 -45.576561 -45.200886 -44.831295 -44.467857 -44.111309 -43.761959 -43.420135 -43.086372 -42.760921 -42.444092 -42.136154 -41.837265 -41.547768 -41.267738 -40.997257 -40.736362 -40.484978 -40.243176 -40.010757 -39.787521 -39.573177 -39.367516 -39.170113 -38.980530 -38.798271 -38.622726 -38.453392 -38.289536 -38.130417 -37.975235 -37.823105 -37.673187 -37.524452 -37.375854 -37.226257
-54.029808 -53.668449 -53.300571 -52.926838 -52.547707 -52.163727 -51.775455 -51.383389 -50.988312 -50.590721 -50.191128 -49.790447 -49.388863 -48.987282 -48.586193 -48.186085 -47.787739 -47.391617 -46.998257 -46.608231 -46.221924 -45.840080 -45.463089 -45.091324 -44.725548 -44.365807 -44.012825 -43.666889 -43.328281 -42.997543 -42.674870 -42.360569 -42.054852 -41.757866 -41.469913 -41.191036 -40.921288 -40.660709 -40.409153 -40.166698 -39.933102 -39.708172 -39.491577 -39.283112 -39.082336 -38.888802 -38.702011 -38.521362 -38.346329 -38.176189 -38.010220 -37.847618 -37.687492 -37.529030 -37.371201 -37.212978 -37.053253
