tests/outputSonde4/outvarComp.dat
NCOLS   150
NROWS   150
XLLCORNER         235.050
YLLCORNER          38.050
CELLSIZE           0.100          0.100
NODATA_VALUE -9999.
[rows 50 to 74 of 150, columns 0 to 56 of 150]
-67.666313 -67.682159 -67.696182 -67.708298 -67.718475 -67.726608 -67.732643 -67.736488 -67.738091 -67.737335 -67.734146 -67.728394 -67.720024 -67.708885 -67.694855 -67.677826 -67.657661 -67.634171 -67.607254 -67.576691 -67.542328 -67.503975 -67.461403 -67.414429 -67.362808 -67.306313 -67.244652 -67.177589 -67.104836 -67.026108 -66.941109 -66.849525 -66.750992 -66.645287 -66.532013 -66.410820 -66.281487 -66.143555 -65.996811 -65.840904 -65.675522 -65.500465 -65.315468 -65.120316 -64.914810 -64.698784 -64.472237 -64.235092 -63.987328 -63.729038 -63.460270 -63.181339 -62.892445 -62.593887 -62.285969 -61.969288 -61.644230
-67.777374 -67.794632 -67.810066 -67.823647 -67.835289 -67.844955 -67.852554 -67.858002 -67.861252 -67.862175 -67.860733 -67.856796 -67.850296 -67.841064 -67.829018 -67.814041 -67.795959 -67.774673 -67.749985 -67.721725 -67.689735 -67.653801 -67.613731 -67.569283 -67.520248 -67.466354 -67.407349 -67.342934 -67.272842 -67.196770 -67.114395 -67.025368 -66.929367 -66.826050 -66.715073 -66.596039 -66.468689 -66.332542 -66.187340 -66.032722 -65.868340 -65.693962 -65.509293 -65.314087 -65.108131 -64.891205 -64.663338 -64.424408 -64.174408 -63.913410 -63.641464 -63.358948 -63.066036 -62.763073 -62.450417 -62.128693 -61.798378
-67.883591 -67.902161 -67.918945 -67.933907 -67.946976 -67.958069 -67.967148 -67.974121 -67.978935 -67.981491 -67.981728 -67.979507 -67.974777 -67.967407 -67.957275 -67.944283 -67.928268 -67.909081 -67.886597 -67.860611 -67.830956 -67.797432 -67.759827 -67.717918 -67.671463 -67.620201 -67.563866 -67.502144 -67.434761 -67.361389 -67.281693 -67.195320 -67.101891 -67.001068 -66.892471 -66.775673 -66.650391 -66.516106 -66.372520 -66.219276 -66.055931 -65.882263 -65.697929 -65.502640 -65.296188 -65.078293 -64.848969 -64.608093 -64.355614 -64.091644 -63.816238 -63.529751 -63.232407 -62.924591 -62.606682 -62.279373 -61.943203
-67.984932 -68.004753 -68.022804 -68.039047 -68.053436 -68.065910 -68.076370 -68.084793 -68.091087 -68.095184 -68.097000 -68.096443 -68.093414 -68.087807 -68.079521 -68.068436 -68.054420 -68.037300 -68.016953 -67.993195 -67.965843 -67.934700 -67.899529 -67.860146 -67.816277 -67.767654 -67.714005 -67.655022 -67.590378 -67.519760 -67.442810 -67.359146 -67.268387 -67.170128 -67.064018 -66.949547 -66.826424 -66.694077 -66.552216 -66.400391 -66.238174 -66.065247 -65.881264 -65.685890 -65.478874 -65.259949 -65.029053 -64.786041 -64.530907 -64.263695 -63.984482 -63.693653 -63.391441 -63.078285 -62.754585 -62.421120 -62.078461
-68.081390 -68.102371 -68.121620 -68.139084 -68.154701 -68.168442 -68.180222 -68.189987 -68.197678 -68.203217 -68.206535 -68.207527 -68.206123 -68.202217 -68.195694 -68.186455 -68.174324 -68.159225 -68.140968 -68.119370 -68.094276 -68.065468 -68.032738 -67.995857 -67.954559 -67.908585 -67.857635 -67.801384 -67.739548 -67.671722 -67.597580 -67.516693 -67.428665 -67.333099 -67.229538 -67.117500 -66.996635 -66.866348 -66.726288 -66.575974 -66.414925 -66.242813 -66.059212 -65.863754 -65.656174 -65.436104 -65.203529 -64.958237 -64.700218 -64.429482 -64.146149 -63.850578 -63.543064 -63.224045 -62.893990 -62.553738 -62.203964
-68.172966 -68.195023 -68.215385 -68.233971 -68.250755 -68.265671 -68.278671 -68.289696 -68.298676 -68.305565 -68.310287 -68.312752 -68.312866 -68.310547 -68.305710 -68.298203 -68.287933 -68.274765 -68.258507 -68.239021 -68.216133 -68.189613 -68.159271 -68.124870 -68.086136 -68.042801 -67.994553 -67.941086 -67.882057 -67.817093 -67.745804 -67.667786 -67.582565 -67.489738 -67.388832 -67.279343 -67.160835 -67.032707 -66.894554 -66.745850 -66.586060 -66.414810 -66.231628 -66.036118 -65.827911 -65.606674 -65.372292 -65.124557 -64.863434 -64.588913 -64.301102 -64.000404 -63.687096 -63.361691 -63.024708 -62.677036 -62.319450
-68.259682 -68.282753 -68.304123 -68.323761 -68.341591 -68.357590 -68.371712 -68.383888 -68.394073 -68.402214 -68.408241 -68.412056 -68.413605 -68.412796 -68.409531 -68.403687 -68.395164 -68.383827 -68.369507 -68.352066 -68.331306 -68.307037 -68.279030 -68.247063 -68.210884 -68.170174 -68.124649 -68.073959 -68.017776 -67.955704 -67.887329 -67.812218 -67.729881 -67.639908 -67.541771 -67.434906 -67.318863 -67.193016 -67.056870 -66.909874 -66.751434 -66.581123 -66.398422 -66.202858 -65.994049 -65.771561 -65.535278 -65.284950 -65.020477 -64.741898 -64.449265 -64.143005 -63.823429 -63.491096 -63.146542 -62.790779 -62.424652
-68.341568 -68.365562 -68.387863 -68.408432 -68.427254 -68.444244 -68.459381 -68.472610 -68.483894 -68.493179 -68.500381 -68.505455 -68.508331 -68.508919 -68.507118 -68.502846 -68.495972 -68.486374 -68.473915 -68.458420 -68.439735 -68.417641 -68.391930 -68.362358 -68.328674 -68.290588 -68.247757 -68.199852 -68.146530 -68.087379 -68.021965 -67.949837 -67.870476 -67.783440 -67.688148 -67.584015 -67.470566 -67.347084 -67.213074 -67.067879 -66.910904 -66.741608 -66.559433 -66.363869 -66.154419 -65.930664 -65.692375 -65.439285 -65.171265 -64.888321 -64.590508 -64.278252 -63.951900 -63.612030 -63.259281 -62.894707 -62.519287
-68.418648 -68.443481 -68.466644 -68.488052 -68.507751 -68.525627 -68.541679 -68.555862 -68.568130 -68.578438 -68.586731 -68.592949 -68.597031 -68.598900 -68.598465 -68.595634 -68.590309 -68.582367 -68.571655 -68.558037 -68.541336 -68.521347 -68.497849 -68.470642 -68.439407 -68.403900 -68.363762 -68.318634 -68.268196 -68.211983 -68.149567 -68.080467 -68.004150 -67.920113 -67.827766 -67.726479 -67.615730 -67.494743 -67.362968 -67.219704 -67.064262 -66.896095 -66.714523 -66.518959 -66.308891 -66.083801 -65.843414 -65.587410 -65.315620 -65.028015 -64.724655 -64.405945 -64.072289 -63.724289 -63.362648 -62.988544 -62.603001
-68.490974 -68.516571 -68.540489 -68.562683 -68.583138 -68.601807 -68.618675 -68.633690 -68.646820 -68.658043 -68.667313 -68.674545 -68.679726 -68.682755 -68.683571 -68.682083 -68.678192 -68.671791 -68.662743 -68.650887 -68.636070 -68.618111 -68.596764 -68.571823 -68.543015 -68.510033 -68.472549 -68.430214 -68.382629 -68.329384 -68.270004 -68.203972 -68.130737 -68.049789 -67.960472 -67.862137 -67.754181 -67.635803 -67.506386 -67.365173 -67.211388 -67.044411 -66.863495 -66.667999 -66.457314 -66.230858 -65.988274 -65.729202 -65.453407 -65.160843 -64.851524 -64.525909 -64.184380 -63.827606 -63.456364 -63.071930 -62.675468
-68.558617 -68.584892 -68.609482 -68.632355 -68.653488 -68.672852 -68.690414 -68.706161 -68.720055 -68.732079 -68.742188 -68.750320 -68.756462 -68.760529 -68.762466 -68.762199 -68.759628 -68.754646 -68.747131 -68.736946 -68.723930 -68.707901 -68.688629 -68.665878 -68.639420 -68.608925 -68.574074 -68.534477 -68.489761 -68.439476 -68.383141 -68.320213 -68.250130 -68.172318 -68.086121 -67.990807 -67.885750 -67.770103 -67.643150 -67.504074 -67.352058 -67.186371 -67.006210 -66.810814 -66.599518 -66.371643 -66.126762 -65.864449 -65.584404 -65.286568 -64.970901 -64.637871 -64.287895 -63.921680 -63.540092 -63.144512 -62.736240
-68.621635 -68.648514 -68.673691 -68.697151 -68.718872 -68.738808 -68.756973 -68.773346 -68.787880 -68.800583 -68.811401 -68.820320 -68.827286 -68.832275 -68.835213 -68.836029 -68.834641 -68.830971 -68.824890 -68.816254 -68.804916 -68.790710 -68.773415 -68.752800 -68.728615 -68.700531 -68.668243 -68.631363 -68.589493 -68.542160 -68.488861 -68.429077 -68.362183 -68.287567 -68.204552 -68.112343 -68.010284 -67.897438 -67.773071 -67.636261 -67.486099 -67.321800 -67.142433 -66.947189 -66.735275 -66.505936 -66.258659 -65.992935 -65.708420 -65.404961 -65.082520 -64.741562 -64.382515 -64.006165 -63.613449 -63.205860 -62.784866
-68.680107 -68.707527 -68.733223 -68.757179 -68.779373 -68.799812 -68.818466 -68.835327 -68.850403 -68.863663 -68.875076 -68.884651 -68.892334 -68.898079 -68.901894 -68.903648 -68.903336 -68.900841 -68.896049 -68.888855 -68.879089 -68.866608 -68.851181 -68.832588 -68.810600 -68.784874 -68.755104 -68.720871 -68.681808 -68.637405 -68.587158 -68.530510 -68.466820 -68.395439 -68.315651 -68.226631 -68.127640 -68.017700 -67.895988 -67.761520 -67.613312 -67.450478 -67.271988 -67.076920 -66.864395 -66.633537 -66.383774 -66.114441 -65.825180 -65.515762 -65.186104 -64.836670 -64.467911 -64.080673 -63.675995 -63.255512 -62.820847
-68.734131 -68.762016 -68.788147 -68.812515 -68.835114 -68.855942 -68.874992 -68.892250 -68.907730 -68.921417 -68.933311 -68.943390 -68.951653 -68.958061 -68.962593 -68.965179 -68.965797 -68.964340 -68.960709 -68.954826 -68.946510 -68.935638 -68.921974 -68.905334 -68.885422 -68.861961 -68.834625 -68.802994 -68.766670 -68.725174 -68.677956 -68.624435 -68.563950 -68.495842 -68.419312 -68.333519 -68.237663 -68.130699 -68.011734 -67.879707 -67.733513 -67.572205 -67.394638 -67.199768 -66.986610 -66.754181 -66.501770 -66.228676 -65.934372 -65.618607 -65.281265 -64.922775 -64.543640 -64.144753 -63.727242 -63.292938 -62.843616
-68.783791 -68.812080 -68.838577 -68.863289 -68.886208 -68.907333 -68.926666 -68.944214 -68.959999 -68.973999 -68.986244 -68.996719 -69.005432 -69.012344 -69.017471 -69.020744 -69.022141 -69.021591 -69.019005 -69.014290 -69.007309 -68.997910 -68.985916 -68.971085 -68.953178 -68.931900 -68.906906 -68.877800 -68.844170 -68.805519 -68.761284 -68.710876 -68.653595 -68.588730 -68.515488 -68.432953 -68.340279 -68.236320 -68.120163 -67.990631 -67.846535 -67.686775 -67.510162 -67.315498 -67.101677 -66.867584 -66.612396 -66.335281 -66.035660 -65.713165 -65.367615 -64.999466 -64.609238 -64.197876 -63.766655 -63.317535 -62.852547
-68.829185 -68.857826 -68.884644 -68.909622 -68.932777 -68.954117 -68.973648 -68.991394 -69.007355 -69.021568 -69.034035 -69.044769 -69.053795 -69.061081 -69.066666 -69.070488 -69.072548 -69.072762 -69.071083 -69.067413 -69.061630 -69.053589 -69.043106 -69.029991 -69.013985 -68.994766 -68.972038 -68.945389 -68.914368 -68.878494 -68.837196 -68.789856 -68.735733 -68.674133 -68.604156 -68.524872 -68.435371 -68.334488 -68.221153 -68.094124 -67.952156 -67.793991 -67.618317 -67.423859 -67.209297 -66.973434 -66.715302 -66.433945 -66.128647 -65.798988 -65.444710 -65.066261 -64.664185 -64.239494 -63.793602 -63.328686 -62.846977
-68.870415 -68.899368 -68.926453 -68.951653 -68.974983 -68.996460 -69.016098 -69.033936 -69.049980 -69.064285 -69.076859 -69.087730 -69.096954 -69.104492 -69.110382 -69.114632 -69.117195 -69.118050 -69.117134 -69.114372 -69.109650 -69.102852 -69.093781 -69.082253 -69.068016 -69.050781 -69.030197 -69.005890 -68.977409 -68.944221 -68.905800 -68.861450 -68.810455 -68.752029 -68.685303 -68.609268 -68.522926 -68.425095 -68.314575 -68.190079 -68.050209 -67.893631 -67.718887 -67.524536 -67.309166 -67.071396 -66.810104 -66.524208 -66.212883 -65.875580 -65.512009 -65.122566 -64.707840 -64.268936 -63.807419 -63.325661 -62.826202
-68.907593 -68.936836 -68.964149 -68.989517 -69.012970 -69.034508 -69.054184 -69.072021 -69.088058 -69.102348 -69.114922 -69.125816 -69.135094 -69.142754 -69.148849 -69.153366 -69.156303 -69.157669 -69.157379 -69.155396 -69.151627 -69.145920 -69.138145 -69.128090 -69.115509 -69.100128 -69.081596 -69.059525 -69.033470 -69.002922 -68.967239 -68.925819 -68.877869 -68.822578 -68.759010 -68.686165 -68.602951 -68.508102 -68.400375 -68.278351 -68.140541 -67.985489 -67.811600 -67.617264 -67.400955 -67.161072 -66.896378 -66.605637 -66.287865 -65.942413 -65.568916 -65.167770 -64.739548 -64.285530 -63.807358 -63.307739 -62.789433
-68.940811 -68.970337 -68.997856 -69.023354 -69.046890 -69.068443 -69.088081 -69.105850 -69.121796 -69.135979 -69.148438 -69.159256 -69.168457 -69.176132 -69.182289 -69.186966 -69.190155 -69.191887 -69.192108 -69.190781 -69.187805 -69.183090 -69.176460 -69.167747 -69.156708 -69.143082 -69.126480 -69.106537 -69.082817 -69.054764 -69.021751 -68.983139 -68.938133 -68.885864 -68.825394 -68.755630 -68.675453 -68.583504 -68.478462 -68.358841 -68.222992 -68.069366 -67.896194 -67.701736 -67.484268 -67.242065 -66.973679 -66.677704 -66.353020 -65.998871 -65.614784 -65.201141 -64.758591 -64.288460 -63.792645 -63.274082 -62.735924
-68.970154 -68.999992 -69.027695 -69.053337 -69.076912 -69.098434 -69.117996 -69.135635 -69.151413 -69.165390 -69.177666 -69.188293 -69.197342 -69.204895 -69.210999 -69.215691 -69.219025 -69.221001 -69.221603 -69.220795 -69.218521 -69.214645 -69.209076 -69.201591 -69.191971 -69.179947 -69.165184 -69.147255 -69.125725 -69.100044 -69.069588 -69.033669 -68.991463 -68.942101 -68.884567 -68.817764 -68.740494 -68.651306 -68.548820 -68.431442 -68.297409 -68.145020 -67.972389 -67.777588 -67.558731 -67.313896 -67.041458 -66.739815 -66.407715 -66.044243 -65.648865 -65.221939 -64.764122 -64.276924 -63.762424 -63.223877 -62.664848
-68.995728 -69.025871 -69.053818 -69.079575 -69.103180 -69.124680 -69.144119 -69.161583 -69.177116 -69.190849 -69.202843 -69.213188 -69.221970 -69.229309 -69.235245 -69.239876 -69.243217 -69.245316 -69.246185 -69.245796 -69.244080 -69.240959 -69.236313 -69.229942 -69.221642 -69.211113 -69.198036 -69.181999 -69.162537 -69.139099 -69.111053 -69.077667 -69.038124 -68.991501 -68.936768 -68.872719 -68.798149 -68.711548 -68.611420 -68.496071 -68.363632 -68.212250 -68.039894 -67.844475 -67.623901 -67.376053 -67.099144 -66.791351 -66.451248 -66.077797 -65.670357 -65.229286 -64.755295 -64.250031 -63.715820 -63.156315 -62.575462
-69.017555 -69.048073 -69.076286 -69.102219 -69.125893 -69.147354 -69.166664 -69.183922 -69.199188 -69.212608 -69.224243 -69.234238 -69.242691 -69.249710 -69.255402 -69.259834 -69.263092 -69.265221 -69.266243 -69.266151 -69.264900 -69.262428 -69.258583 -69.253220 -69.246117 -69.236977 -69.225479 -69.211197 -69.193657 -69.172318 -69.146515 -69.115501 -69.078423 -69.034340 -68.982162 -68.920670 -68.848572 -68.764290 -68.666245 -68.552628 -68.421478 -68.270798 -68.098381 -67.901970 -67.679268 -67.427971 -67.146080 -66.831558 -66.482819 -66.098663 -65.678383 -65.222275 -64.731155 -64.206856 -63.651970 -63.070541 -62.467041
-69.035675 -69.066666 -69.095230 -69.121384 -69.145164 -69.166618 -69.185822 -69.202858 -69.217850 -69.230911 -69.242180 -69.251762 -69.259796 -69.266434 -69.271782 -69.275948 -69.279037 -69.281090 -69.282166 -69.282288 -69.281410 -69.279465 -69.276344 -69.271881 -69.265854 -69.257988 -69.247940 -69.235291 -69.219543 -69.200127 -69.176369 -69.147522 -69.112694 -69.070908 -69.021027 -68.961807 -68.891869 -68.809570 -68.713272 -68.601036 -68.470772 -68.320374 -68.147453 -67.949585 -67.724289 -67.469009 -67.181534 -66.859657 -66.501572 -66.105957 -65.671974 -65.199936 -64.690773 -64.146484 -63.570000 -62.965828 -62.338985
-69.050064 -69.081650 -69.110680 -69.137154 -69.161125 -69.182640 -69.201767 -69.218643 -69.233360 -69.246071 -69.256920 -69.266068 -69.273651 -69.279831 -69.284782 -69.288605 -69.291435 -69.293350 -69.294395 -69.294647 -69.294037 -69.292549 -69.290047 -69.286392 -69.281342 -69.274643 -69.265915 -69.254738 -69.240616 -69.222954 -69.201065 -69.174141 -69.141304 -69.101524 -69.053635 -68.996315 -68.928154 -68.847443 -68.752426 -68.641106 -68.511292 -68.360649 -68.186699 -67.986816 -67.758301 -67.498398 -67.204704 -66.874756 -66.506561 -66.098648 -65.650116 -65.161285 -64.633148 -64.068001 -63.469112 -62.841503 -62.190830
-69.060654 -69.092995 -69.122620 -69.149559 -69.173859 -69.195526 -69.214691 -69.231445 -69.245941 -69.258347 -69.268791 -69.277473 -69.284584 -69.290298 -69.294785 -69.298210 -69.300713 -69.302422 -69.303391 -69.303680 -69.303307 -69.302177 -69.300224 -69.297287 -69.293129 -69.287460 -69.279922 -69.270088 -69.257408 -69.241280 -69.221008 -69.195763 -69.164604 -69.126480 -69.080193 -69.024361 -68.957520 -68.877899 -68.783653 -68.672699 -68.542686 -68.391205 -68.215576 -68.012993 -67.780586 -67.515366 -67.214668 -66.875870 -66.496765 -66.075729 -65.611771 -65.105270 -64.557350 -63.970562 -63.348610 -62.697098 -62.022316
