tests/outputSonde4/outvarComp.dat
NCOLS   150
NROWS   150
XLLCORNER         235.050
YLLCORNER          38.050
CELLSIZE           0.100          0.100
NODATA_VALUE -9999.
[rows 100 to 124 of 150, columns 0 to 56 of 150]
-64.562309 -64.489937 -64.416885 -64.343864 -64.271675 -64.201187 -64.133255 -64.068703 -64.008339 -63.952827 -63.902737 -63.858395 -63.819969 -63.787422 -63.760483 -63.738792 -63.721825 -63.708996 -63.699753 -63.693558 -63.690014 -63.688824 -63.689877 -63.693142 -63.698788 -63.706985 -63.717968 -63.731972 -63.749069 -63.769218 -63.792164 -63.817390 -63.844093 -63.871136 -63.897049 -63.920017 -63.937840 -63.947964 -63.947414 -63.932819 -63.900364 -63.845848 -63.764599 -63.651577 -63.501404 -63.308475 -63.067413 -62.772991 -62.420826 -62.007843 -61.532703 -60.996906 -60.404549 -59.763084 -59.082966 -58.377975 -57.663235
-64.404213 -64.335342 -64.266808 -64.199364 -64.133751 -64.070778 -64.011177 -63.955647 -63.904785 -63.859035 -63.818710 -63.783924 -63.754608 -63.730507 -63.711220 -63.696236 -63.684971 -63.676796 -63.671143 -63.667526 -63.665546 -63.664951 -63.665649 -63.667702 -63.671234 -63.676529 -63.683846 -63.693504 -63.705666 -63.720440 -63.737694 -63.757118 -63.778084 -63.799679 -63.820614 -63.839287 -63.853661 -63.861362 -63.859520 -63.844902 -63.813789 -63.762016 -63.684990 -63.577679 -63.434753 -63.250595 -63.019779 -62.737061 -62.397934 -61.999138 -61.539089 -61.018936 -60.442333 -59.816223 -59.150436 -58.458179 -57.754021
-64.277588 -64.213509 -64.150604 -64.089539 -64.031006 -63.975693 -63.924198 -63.877056 -63.834671 -63.797310 -63.765087 -63.737953 -63.715698 -63.697945 -63.684235 -63.673992 -63.666641 -63.661587 -63.658298 -63.656296 -63.655273 -63.654995 -63.655411 -63.656567 -63.658627 -63.661877 -63.666592 -63.673073 -63.681568 -63.692211 -63.704987 -63.719673 -63.735802 -63.752571 -63.768917 -63.783356 -63.794086 -63.798820 -63.794933 -63.779285 -63.748276 -63.697895 -63.623619 -63.520527 -63.383324 -63.206505 -62.984612 -62.712402 -62.385342 -62.000023 -61.554634 -61.049980 -60.489300 -59.878922 -59.228096 -58.549320 -57.856579
-64.177155 -64.118431 -64.061462 -64.006836 -63.955143 -63.906963 -63.862747 -63.822876 -63.787605 -63.757057 -63.731213 -63.709919 -63.692879 -63.679668 -63.669811 -63.662781 -63.657990 -63.654900 -63.653057 -63.652042 -63.651569 -63.651451 -63.651661 -63.652241 -63.653362 -63.655285 -63.658260 -63.662586 -63.668510 -63.676174 -63.685616 -63.696667 -63.708904 -63.721706 -63.734093 -63.744751 -63.751987 -63.753731 -63.747452 -63.730232 -63.698586 -63.648651 -63.576046 -63.475960 -63.343269 -63.172504 -62.958351 -62.695587 -62.379658 -62.007088 -61.575886 -61.086548 -60.541851 -59.947594 -59.312344 -58.647873 -57.967484
-64.098022 -64.044708 -63.993504 -63.944923 -63.899467 -63.857559 -63.819561 -63.785732 -63.756199 -63.730980 -63.709991 -63.692989 -63.679672 -63.669605 -63.662323 -63.657341 -63.654121 -63.652218 -63.651196 -63.650703 -63.650520 -63.650482 -63.650558 -63.650822 -63.651402 -63.652515 -63.654427 -63.657375 -63.661587 -63.667198 -63.674240 -63.682564 -63.691841 -63.701462 -63.710567 -63.717949 -63.722038 -63.720909 -63.712208 -63.693119 -63.660355 -63.610195 -63.538425 -63.440422 -63.311180 -63.145416 -62.937931 -62.683586 -62.377880 -62.017319 -61.599770 -61.125462 -60.596756 -60.018898 -59.399792 -58.750435 -58.083351
-64.035927 -63.987755 -63.941883 -63.898758 -63.858746 -63.822205 -63.789375 -63.760418 -63.735394 -63.714260 -63.696850 -63.682945 -63.672199 -63.664227 -63.658585 -63.654827 -63.652527 -63.651245 -63.650635 -63.650402 -63.650341 -63.650333 -63.650352 -63.650452 -63.650757 -63.651466 -63.652779 -63.654892 -63.658012 -63.662258 -63.667614 -63.673958 -63.680954 -63.688068 -63.694454 -63.699043 -63.700348 -63.696541 -63.685429 -63.664318 -63.630108 -63.579247 -63.507675 -63.410957 -63.284290 -63.122570 -62.920734 -62.673851 -62.377480 -62.028164 -61.623669 -61.164001 -60.651169 -60.089882 -59.487358 -58.853809 -58.200981
-63.987297 -63.943859 -63.902782 -63.864410 -63.829060 -63.796997 -63.768394 -63.743324 -63.721798 -63.703732 -63.688950 -63.677208 -63.668209 -63.661575 -63.656921 -63.653862 -63.651997 -63.650978 -63.650524 -63.650360 -63.650330 -63.650330 -63.650337 -63.650398 -63.650627 -63.651161 -63.652161 -63.653828 -63.656296 -63.659622 -63.663795 -63.668659 -63.673897 -63.678989 -63.683128 -63.685287 -63.684078 -63.677784 -63.664291 -63.641071 -63.605171 -63.553181 -63.481274 -63.385166 -63.260292 -63.101738 -62.904675 -62.664314 -62.376404 -62.037506 -61.645393 -61.199898 -60.702682 -60.157967 -59.572300 -58.955139 -58.317417
-63.949257 -63.910065 -63.873192 -63.838936 -63.807526 -63.779171 -63.753960 -63.731968 -63.713135 -63.697357 -63.684486 -63.674252 -63.666401 -63.660587 -63.656471 -63.653736 -63.652039 -63.651085 -63.650616 -63.650417 -63.650356 -63.650349 -63.650372 -63.650463 -63.650700 -63.651211 -63.652122 -63.653553 -63.655602 -63.658321 -63.661629 -63.665363 -63.669178 -63.672569 -63.674763 -63.674759 -63.671234 -63.662544 -63.646679 -63.621250 -63.583412 -63.529972 -63.457237 -63.361164 -63.237366 -63.081192 -62.888042 -62.653339 -62.372990 -62.043697 -61.663235 -61.231312 -60.749321 -60.221008 -59.652325 -59.051941 -58.429970
-63.919449 -63.884022 -63.850830 -63.820091 -63.792004 -63.766705 -63.744259 -63.724682 -63.707932 -63.693878 -63.682365 -63.673172 -63.666039 -63.660728 -63.656876 -63.654243 -63.652534 -63.651501 -63.650921 -63.650631 -63.650509 -63.650478 -63.650536 -63.650688 -63.650990 -63.651558 -63.652443 -63.653759 -63.655552 -63.657806 -63.660431 -63.663219 -63.665825 -63.667698 -63.668118 -63.666084 -63.660339 -63.649288 -63.631020 -63.603237 -63.563255 -63.508018 -63.434021 -63.337418 -63.214073 -63.059555 -62.869514 -62.639614 -62.365974 -62.045433 -61.675842 -61.256817 -60.789513 -60.277279 -59.725498 -59.142086 -58.536320
-63.896053 -63.863964 -63.833961 -63.806244 -63.780941 -63.758163 -63.737961 -63.720318 -63.705170 -63.692425 -63.681908 -63.673443 -63.666779 -63.661701 -63.657963 -63.655300 -63.653477 -63.652302 -63.651585 -63.651173 -63.650970 -63.650913 -63.650986 -63.651184 -63.651566 -63.652184 -63.653084 -63.654312 -63.655876 -63.657726 -63.659740 -63.661663 -63.663120 -63.663559 -63.662277 -63.658249 -63.650284 -63.636833 -63.616074 -63.585789 -63.543430 -63.486061 -63.410393 -63.312767 -63.189270 -63.035736 -62.848053 -62.622158 -62.354393 -62.041775 -61.682228 -61.275345 -60.822090 -60.325462 -59.790291 -59.223816 -58.634544
-63.877617 -63.848457 -63.821232 -63.796097 -63.773163 -63.752499 -63.734146 -63.718060 -63.704185 -63.692440 -63.682667 -63.674706 -63.668343 -63.663399 -63.659649 -63.656887 -63.654934 -63.653572 -63.652687 -63.652138 -63.651852 -63.651749 -63.651810 -63.652050 -63.652473 -63.653126 -63.653984 -63.655094 -63.656414 -63.657848 -63.659199 -63.660252 -63.660538 -63.659554 -63.656521 -63.650475 -63.640236 -63.624287 -63.600876 -63.567913 -63.522896 -63.463093 -63.385368 -63.286243 -63.162060 -63.008877 -62.822872 -62.600224 -62.337528 -62.031990 -61.681656 -61.286118 -60.846188 -60.364548 -59.845543 -59.295788 -58.723011
-63.862965 -63.836414 -63.811619 -63.788723 -63.767807 -63.748932 -63.732113 -63.717312 -63.704487 -63.693535 -63.684330 -63.676727 -63.670574 -63.665684 -63.661884 -63.659012 -63.656876 -63.655346 -63.654297 -63.653595 -63.653191 -63.653034 -63.653069 -63.653294 -63.653702 -63.654297 -63.655064 -63.655983 -63.656960 -63.657879 -63.658531 -63.658592 -63.657665 -63.655140 -63.650280 -63.642101 -63.629452 -63.610878 -63.584660 -63.548763 -63.500854 -63.438313 -63.358139 -63.257099 -63.131718 -62.978321 -62.793339 -62.573254 -62.314854 -62.015594 -61.673641 -61.288605 -60.861198 -60.393833 -59.890427 -59.356964 -58.800518
-63.851185 -63.826927 -63.804272 -63.783337 -63.764179 -63.746849 -63.731342 -63.717632 -63.705666 -63.695374 -63.686626 -63.679325 -63.673317 -63.668465 -63.664600 -63.661591 -63.659290 -63.657589 -63.656361 -63.655521 -63.654995 -63.654736 -63.654678 -63.654827 -63.655148 -63.655609 -63.656170 -63.656761 -63.657295 -63.657585 -63.657379 -63.656349 -63.654045 -63.649841 -63.643002 -63.632561 -63.617355 -63.595940 -63.566696 -63.527672 -63.476601 -63.410999 -63.328049 -63.224674 -63.097645 -62.943516 -62.758995 -62.540794 -62.285992 -61.992237 -61.657852 -61.282475 -60.866760 -60.412853 -59.924324 -59.406609 -58.866112
-63.841492 -63.819294 -63.798553 -63.779358 -63.761742 -63.745754 -63.731392 -63.718624 -63.707417 -63.697678 -63.689339 -63.682289 -63.676399 -63.671566 -63.667633 -63.664516 -63.662067 -63.660187 -63.658791 -63.657791 -63.657112 -63.656696 -63.656506 -63.656498 -63.656628 -63.656845 -63.657074 -63.657223 -63.657135 -63.656628 -63.655407 -63.653118 -63.649254 -63.643215 -63.634216 -63.621300 -63.603325 -63.578903 -63.546425 -63.504005 -63.449524 -63.380566 -63.294514 -63.188446 -63.059345 -62.904026 -62.719433 -62.502541 -62.250668 -61.961693 -61.634071 -61.267525 -60.862614 -60.421341 -59.946892 -59.444233 -58.919144
-63.833256 -63.812939 -63.793919 -63.776268 -63.760029 -63.745235 -63.731903 -63.719986 -63.709423 -63.700207 -63.692215 -63.685390 -63.679626 -63.674816 -63.670837 -63.667610 -63.665016 -63.662987 -63.661407 -63.660213 -63.659336 -63.658726 -63.658325 -63.658066 -63.657887 -63.657730 -63.657482 -63.657013 -63.656155 -63.654667 -63.652237 -63.648479 -63.642876 -63.634781 -63.623417 -63.607822 -63.586880 -63.559208 -63.523262 -63.477245 -63.419064 -63.346504 -63.257027 -63.147949 -63.016407 -62.859482 -62.674343 -62.458221 -62.208687 -61.923813 -61.602203 -61.243660 -60.848728 -60.419186 -59.957958 -59.469543 -58.959206
-63.825966 -63.807335 -63.789867 -63.773624 -63.758640 -63.744942 -63.732510 -63.721359 -63.711422 -63.702656 -63.695026 -63.688419 -63.682766 -63.677971 -63.673954 -63.670631 -63.667908 -63.665699 -63.663921 -63.662514 -63.661404 -63.660534 -63.659824 -63.659206 -63.658604 -63.657921 -63.657028 -63.655777 -63.653942 -63.651291 -63.647453 -63.642014 -63.634441 -63.624077 -63.610130 -63.591640 -63.567501 -63.536373 -63.496735 -63.446857 -63.384773 -63.308331 -63.215183 -63.102787 -62.968498 -62.809605 -62.623497 -62.407673 -62.159916 -61.878502 -61.562225 -61.210884 -60.825050 -60.406345 -59.957436 -59.482422 -58.986053
-63.819130 -63.802040 -63.786003 -63.771053 -63.757206 -63.744499 -63.732941 -63.722477 -63.713120 -63.704803 -63.697479 -63.691086 -63.685539 -63.680782 -63.676735 -63.673313 -63.670448 -63.668049 -63.666039 -63.664387 -63.662968 -63.661755 -63.660633 -63.659538 -63.658371 -63.657024 -63.655308 -63.653095 -63.650097 -63.646057 -63.640598 -63.633247 -63.623486 -63.610630 -63.593876 -63.572266 -63.544697 -63.509880 -63.466331 -63.412388 -63.346169 -63.265636 -63.168575 -63.052624 -62.915310 -62.754105 -62.566673 -62.350719 -62.104271 -61.825741 -61.514099 -61.169235 -60.791660 -60.382915 -59.945408 -59.482883 -58.999641
-63.812336 -63.796684 -63.781952 -63.768188 -63.755390 -63.743618 -63.732834 -63.723038 -63.714218 -63.706310 -63.699280 -63.693089 -63.687672 -63.682938 -63.678848 -63.675327 -63.672295 -63.669693 -63.667427 -63.665447 -63.663666 -63.661991 -63.660370 -63.658688 -63.656807 -63.654610 -63.651920 -63.648521 -63.644165 -63.638523 -63.631210 -63.621742 -63.609562 -63.593971 -63.574177 -63.549221 -63.518017 -63.479294 -63.431629 -63.373417 -63.302849 -63.218033 -63.116859 -62.997112 -62.856529 -62.692772 -62.503708 -62.287262 -62.041645 -61.765491 -61.457863 -61.118763 -60.748669 -60.348999 -59.921978 -59.471020 -59.000019
-63.805206 -63.790886 -63.777359 -63.764690 -63.752888 -63.741959 -63.731911 -63.722740 -63.714401 -63.706894 -63.700161 -63.694149 -63.688828 -63.684120 -63.679981 -63.676327 -63.673103 -63.670250 -63.667664 -63.665298 -63.663059 -63.660862 -63.658600 -63.656174 -63.653442 -63.650230 -63.646374 -63.641609 -63.635674 -63.628216 -63.618832 -63.607018 -63.592178 -63.573647 -63.550575 -63.522064 -63.487022 -63.444187 -63.392220 -63.329563 -63.254482 -63.165207 -63.059734 -62.936024 -62.791969 -62.625423 -62.434460 -62.217186 -61.972031 -61.697765 -61.393600 -61.059586 -60.696201 -60.304787 -59.887352 -59.447029 -58.987347
-63.797401 -63.784309 -63.771904 -63.760258 -63.749359 -63.739227 -63.729862 -63.721264 -63.713398 -63.706249 -63.699768 -63.693935 -63.688690 -63.683990 -63.679760 -63.675953 -63.672497 -63.669319 -63.666359 -63.663532 -63.660748 -63.657894 -63.654884 -63.651577 -63.647812 -63.643433 -63.638206 -63.631878 -63.624165 -63.614670 -63.602993 -63.588596 -63.570900 -63.549194 -63.522655 -63.490368 -63.451286 -63.404175 -63.347733 -63.280445 -63.200722 -63.106819 -62.996929 -62.869099 -62.721413 -62.551888 -62.358795 -62.140438 -61.895378 -61.622581 -61.321350 -60.991802 -60.634418 -60.250435 -59.841717 -59.411125 -58.961849
-63.788605 -63.776649 -63.765289 -63.754578 -63.744518 -63.735123 -63.726383 -63.718311 -63.710876 -63.704048 -63.697807 -63.692116 -63.686924 -63.682175 -63.677826 -63.673801 -63.670055 -63.666515 -63.663094 -63.659702 -63.656261 -63.652649 -63.648746 -63.644405 -63.639469 -63.633728 -63.626953 -63.618862 -63.609154 -63.597431 -63.583237 -63.566063 -63.545273 -63.520191 -63.489990 -63.453739 -63.410446 -63.358883 -63.297802 -63.225777 -63.141243 -63.042637 -62.928196 -62.796143 -62.644691 -62.472061 -62.276642 -62.056942 -61.811691 -61.539974 -61.241203 -60.915554 -60.563488 -60.186188 -59.785343 -59.363590 -58.923813
-63.778519 -63.767601 -63.757214 -63.747364 -63.738075 -63.729336 -63.721191 -63.713593 -63.706528 -63.699997 -63.693943 -63.688343 -63.683151 -63.678318 -63.673790 -63.669521 -63.665417 -63.661423 -63.657444 -63.653408 -63.649189 -63.644684 -63.639744 -63.634220 -63.627930 -63.620655 -63.612156 -63.602112 -63.590221 -63.576042 -63.559143 -63.538971 -63.514893 -63.486244 -63.452190 -63.411819 -63.364136 -63.307983 -63.242149 -63.165257 -63.075855 -62.972424 -62.853348 -62.716988 -62.561687 -62.385803 -62.187931 -61.966679 -61.720959 -61.449970 -61.153236 -60.830948 -60.483585 -60.112247 -59.718479 -59.304714 -58.873569
-63.766834 -63.756889 -63.747387 -63.738335 -63.729740 -63.721630 -63.713982 -63.706806 -63.700077 -63.693764 -63.687843 -63.682293 -63.677048 -63.672077 -63.667316 -63.662701 -63.658173 -63.653622 -63.649014 -63.644203 -63.639095 -63.633568 -63.627449 -63.620586 -63.612778 -63.603798 -63.593372 -63.581192 -63.566898 -63.550087 -63.530281 -63.506924 -63.479389 -63.446980 -63.408916 -63.364246 -63.312057 -63.251186 -63.180485 -63.098644 -63.004265 -62.895969 -62.772213 -62.631485 -62.472271 -62.293053 -62.092590 -61.869625 -61.623207 -61.352650 -61.057549 -60.738144 -60.394897 -60.028839 -59.641411 -59.234833 -58.811462
-63.753338 -63.744267 -63.735550 -63.727211 -63.719250 -63.711674 -63.704479 -63.697659 -63.691193 -63.685055 -63.679207 -63.673637 -63.668278 -63.663094 -63.658012 -63.652981 -63.647930 -63.642761 -63.637386 -63.631691 -63.625568 -63.618866 -63.611435 -63.603073 -63.593582 -63.582729 -63.570194 -63.555691 -63.538830 -63.519184 -63.496284 -63.469578 -63.438400 -63.402081 -63.359837 -63.310760 -63.253933 -63.188248 -63.112598 -63.025749 -62.926357 -62.813148 -62.684681 -62.539543 -62.376366 -62.193748 -61.990593 -61.765781 -61.518471 -61.248062 -60.954247 -60.637287 -60.297623 -59.936226 -59.554436 -59.154282 -58.737934
-63.737724 -63.729450 -63.721443 -63.713741 -63.706322 -63.699215 -63.692406 -63.685867 -63.679604 -63.673565 -63.667725 -63.662060 -63.656513 -63.651039 -63.645569 -63.640018 -63.634346 -63.628437 -63.622189 -63.615498 -63.608212 -63.600212 -63.591297 -63.581280 -63.569950 -63.557037 -63.542244 -63.525223 -63.505634 -63.482994 -63.456825 -63.426579 -63.391617 -63.351246 -63.304703 -63.251095 -63.189533 -63.118958 -63.038300 -62.946384 -62.841972 -62.723824 -62.590630 -62.441078 -62.273914 -62.087875 -61.881962 -61.655178 -61.406803 -61.136307 -60.843460 -60.528522 -60.191956 -59.834663 -59.457855 -59.063431 -58.653332
