tests/outputSonde4/outvarComp.dat
NCOLS   150
NROWS   150
XLLCORNER         235.050
YLLCORNER          38.050
CELLSIZE           0.100          0.100
NODATA_VALUE -9999.
[rows 100 to 124 of 150, columns 57 to 113 of 150]
-56.954811 -56.268234 -55.617119 -55.012917 -54.463299 -53.972782 -53.542698 -53.171707 -52.856728 -52.593021 -52.375126 -52.197502 -52.054306 -51.940323 -51.850677 -51.780991 -51.727535 -51.687069 -51.656868 -51.634666 -51.618641 -51.607262 -51.599369 -51.593994 -51.590408 -51.588066 -51.586517 -51.585476 -51.584690 -51.583969 -51.583168 -51.582123 -51.580647 -51.578545 -51.575493 -51.571102 -51.564838 -51.556007 -51.543659 -51.526653 -51.503506 -51.472397 -51.431126 -51.377075 -51.307152 -51.217842 -51.105198 -50.964916 -50.792633 -50.583916 -50.334690 -50.041645 -49.702461 -49.316700 -48.885544 -48.412441 -47.903000
-57.053619 -56.372242 -55.723457 -55.118839 -54.566376 -54.070961 -53.634430 -53.255909 -52.932770 -52.660671 -52.434441 -52.248817 -52.098076 -51.977180 -51.881264 -51.805977 -51.747604 -51.702873 -51.669006 -51.643696 -51.625061 -51.611519 -51.601845 -51.595013 -51.590240 -51.586910 -51.584553 -51.582779 -51.581314 -51.579903 -51.578327 -51.576355 -51.573757 -51.570213 -51.565346 -51.558640 -51.549416 -51.536835 -51.519802 -51.496929 -51.466492 -51.426388 -51.374073 -51.306545 -51.220314 -51.111450 -50.975563 -50.807976 -50.604088 -50.359364 -50.069901 -49.732903 -49.346951 -48.912956 -48.433834 -47.915039 -47.364281
-57.164986 -56.489487 -55.843517 -55.238735 -54.683411 -54.182838 -53.739357 -53.352600 -53.020432 -52.738964 -52.503372 -52.308662 -52.149353 -52.020493 -51.917316 -51.835533 -51.771385 -51.721588 -51.683350 -51.654301 -51.632462 -51.616222 -51.604271 -51.595531 -51.589157 -51.584442 -51.580875 -51.577991 -51.575420 -51.572876 -51.570045 -51.566620 -51.562271 -51.556576 -51.549034 -51.539017 -51.525665 -51.507973 -51.484581 -51.453888 -51.413864 -51.362041 -51.295509 -51.210846 -51.104111 -50.970921 -50.806519 -50.605888 -50.364349 -50.077477 -49.741879 -49.355667 -48.918819 -48.434105 -47.906616 -47.344131 -46.756641
-57.285664 -56.616966 -55.974590 -55.370235 -54.812378 -54.306725 -53.856136 -53.460743 -53.118965 -52.827370 -52.581554 -52.376839 -52.207989 -52.070202 -51.958832 -51.869629 -51.798851 -51.743187 -51.699791 -51.666279 -51.640568 -51.621017 -51.606209 -51.595001 -51.586483 -51.579868 -51.574551 -51.570004 -51.565781 -51.561493 -51.556732 -51.551105 -51.544170 -51.535355 -51.524029 -51.509384 -51.490398 -51.465775 -51.433949 -51.392998 -51.340508 -51.273666 -51.189110 -51.082954 -50.950825 -50.787910 -50.589104 -50.349300 -50.063896 -49.728970 -49.342056 -48.902718 -48.412857 -47.877628 -47.304634 -46.704132 -46.088200
-57.412395 -56.751583 -56.113819 -55.510750 -54.951023 -54.440716 -53.983150 -53.579029 -53.227333 -52.925110 -52.668411 -52.452934 -52.273689 -52.126102 -52.005638 -51.908104 -51.829811 -51.767433 -51.718082 -51.679302 -51.648979 -51.625381 -51.607021 -51.592670 -51.581329 -51.572124 -51.564377 -51.557457 -51.550827 -51.543980 -51.536400 -51.527584 -51.516918 -51.503723 -51.487152 -51.466206 -51.439629 -51.405857 -51.362991 -51.308754 -51.240383 -51.154587 -51.047523 -50.914886 -50.751873 -50.553307 -50.313995 -50.028854 -49.693832 -49.305927 -48.864189 -48.370193 -47.828304 -47.246418 -46.634823 -46.006023 -45.373688
-57.541992 -56.890240 -56.258263 -55.657566 -55.096886 -54.582619 -54.118542 -53.705902 -53.344227 -53.031120 -52.763111 -52.536274 -52.345932 -52.187752 -52.057346 -51.950611 -51.863914 -51.793934 -51.737740 -51.692848 -51.657047 -51.628593 -51.605850 -51.587528 -51.572540 -51.559917 -51.548862 -51.538647 -51.528610 -51.518143 -51.506596 -51.493301 -51.477482 -51.458282 -51.434635 -51.405293 -51.368725 -51.323048 -51.266018 -51.194946 -51.106628 -50.997322 -50.862705 -50.698120 -50.498360 -50.258163 -49.972393 -49.636490 -49.247372 -48.803581 -48.306244 -47.759521 -47.170631 -46.550327 -45.911278 -45.267681 -44.633892
-57.671421 -57.029911 -56.404972 -55.807854 -55.247349 -54.730080 -54.260216 -53.839520 -53.468105 -53.144108 -52.864532 -52.625935 -52.423916 -52.254459 -52.113338 -51.996571 -51.900600 -51.822086 -51.758129 -51.706181 -51.664001 -51.629700 -51.601612 -51.578369 -51.558723 -51.541641 -51.526192 -51.511528 -51.496887 -51.481464 -51.464493 -51.445103 -51.422352 -51.395134 -51.362144 -51.321861 -51.272430 -51.211594 -51.136715 -51.044697 -50.931862 -50.794037 -50.626511 -50.424274 -50.182049 -49.894653 -49.557499 -49.166988 -48.721645 -48.222126 -47.672230 -47.079044 -46.452698 -45.806496 -45.154831 -44.512604 -43.893684
-57.797894 -57.167747 -56.551086 -55.958843 -55.399731 -54.880562 -54.405834 -53.977814 -53.597115 -53.262428 -52.971287 -52.720661 -52.506584 -52.325272 -52.172733 -52.045147 -51.939026 -51.851074 -51.778389 -51.718372 -51.668747 -51.627556 -51.593040 -51.563698 -51.538231 -51.515450 -51.494305 -51.473816 -51.453041 -51.431065 -51.406883 -51.379471 -51.347618 -51.309982 -51.264988 -51.210766 -51.145107 -51.065395 -50.968559 -50.851067 -50.708832 -50.537300 -50.331478 -50.086273 -49.796562 -49.457710 -49.066151 -48.619862 -48.119541 -47.568512 -46.973560 -46.344719 -45.694691 -45.038513 -44.391266 -43.767334 -43.178970
-57.918900 -57.301113 -56.693886 -56.107773 -55.551342 -55.031471 -54.552979 -54.118500 -53.729179 -53.384228 -53.081688 -52.819008 -52.592575 -52.398968 -52.234425 -52.095272 -51.978153 -51.879837 -51.797405 -51.728264 -51.670071 -51.620796 -51.578606 -51.541893 -51.509239 -51.479305 -51.450935 -51.422974 -51.394321 -51.363853 -51.330395 -51.292641 -51.249184 -51.198345 -51.138275 -51.066738 -50.981148 -50.878510 -50.755302 -50.607666 -50.431160 -50.220985 -49.972073 -49.679588 -49.338955 -48.946594 -48.500519 -48.000839 -47.450958 -46.857113 -46.229015 -45.579247 -44.922218 -44.273613 -43.647919 -43.057800 -42.513023
-58.032314 -57.427666 -56.830875 -56.252060 -55.699558 -55.180252 -54.699135 -54.259212 -53.862076 -53.507446 -53.193855 -52.919216 -52.680336 -52.474106 -52.297043 -52.145660 -52.016739 -51.907120 -51.813927 -51.734528 -51.666557 -51.607922 -51.556690 -51.511150 -51.469757 -51.431038 -51.393692 -51.356392 -51.317806 -51.276676 -51.231537 -51.180874 -51.122959 -51.055843 -50.977333 -50.884830 -50.775398 -50.645653 -50.491737 -50.309486 -50.094292 -49.841354 -49.545845 -49.203568 -48.811008 -48.366135 -47.869102 -47.322563 -46.732807 -46.108913 -45.463028 -44.809372 -44.162949 -43.538788 -42.949638 -42.405586 -41.913437
-58.136303 -57.545357 -56.959843 -56.389343 -55.841934 -55.324375 -54.841812 -54.397514 -53.993488 -53.629879 -53.305717 -53.019379 -52.768044 -52.548988 -52.358994 -52.194794 -52.053299 -51.931473 -51.826477 -51.735672 -51.656666 -51.587280 -51.525539 -51.469582 -51.417774 -51.368469 -51.320190 -51.271442 -51.220715 -51.166477 -51.107067 -51.040672 -50.965279 -50.878616 -50.778172 -50.661022 -50.523872 -50.363060 -50.174484 -49.953865 -49.696640 -49.398335 -49.054718 -48.662720 -48.220329 -47.727577 -47.187057 -46.604141 -45.987823 -45.349472 -44.702766 -44.062447 -43.442856 -42.857262 -42.315861 -41.825768 -41.390747
-58.229370 -57.652496 -57.078861 -56.517517 -55.976185 -55.461494 -54.978607 -54.531013 -54.121044 -53.749252 -53.415115 -53.117439 -52.853779 -52.621811 -52.418564 -52.241016 -52.086277 -51.951366 -51.833519 -51.730141 -51.638775 -51.557236 -51.483421 -51.415367 -51.351318 -51.289482 -51.228195 -51.165783 -51.100506 -51.030609 -50.954174 -50.869118 -50.773151 -50.663677 -50.537914 -50.392624 -50.224297 -50.029083 -49.802769 -49.541264 -49.240318 -48.896122 -48.505508 -48.066895 -47.580200 -47.047771 -46.474720 -45.868919 -45.241463 -44.605125 -43.974052 -43.362305 -42.782516 -42.245476 -41.758442 -41.325626 -40.948112
-58.310406 -57.747711 -57.186348 -56.634781 -56.100361 -55.589493 -55.107315 -54.657448 -54.242481 -53.863342 -53.519863 -53.211281 -52.935547 -52.690651 -52.473934 -52.282619 -52.113968 -51.965149 -51.833466 -51.716354 -51.611324 -51.516163 -51.428673 -51.346786 -51.268639 -51.192238 -51.115791 -51.037415 -50.955143 -50.866982 -50.770794 -50.664230 -50.544716 -50.409416 -50.255299 -50.078957 -49.876732 -49.644772 -49.379051 -49.075851 -48.731609 -48.343525 -47.909851 -47.430832 -46.908497 -46.347515 -45.755219 -45.141418 -44.518478 -43.899536 -43.298065 -42.726524 -42.195225 -41.712135 -41.281708 -40.905556 -40.582695
-58.378536 -57.829937 -57.280998 -56.739635 -56.212723 -55.706470 -55.225899 -54.774696 -54.355656 -53.969967 -53.617821 -53.298840 -53.011307 -52.753571 -52.523254 -52.317799 -52.134689 -51.971214 -51.824760 -51.692776 -51.572807 -51.462585 -51.359829 -51.262394 -51.168270 -51.075314 -50.981579 -50.884960 -50.783302 -50.674438 -50.555943 -50.425251 -50.279602 -50.115944 -49.931141 -49.721680 -49.483982 -49.214390 -48.909283 -48.565639 -48.180859 -47.753494 -47.283432 -46.772854 -46.225853 -45.649101 -45.051636 -44.444359 -43.839958 -43.250969 -42.689358 -42.165421 -41.686848 -41.258957 -40.883720 -40.560760 -40.287560
-58.433205 -57.898407 -57.361843 -56.830856 -56.311905 -55.810867 -55.332638 -54.880909 -54.458599 -54.067146 -53.707012 -53.378143 -53.079159 -52.808723 -52.564747 -52.344894 -52.146847 -51.968029 -51.805923 -51.658043 -51.521927 -51.395252 -51.275734 -51.161083 -51.049183 -50.937771 -50.824730 -50.707787 -50.584587 -50.452789 -50.309780 -50.152840 -49.979050 -49.785271 -49.568352 -49.324886 -49.051525 -48.745041 -48.402458 -48.021721 -47.601448 -47.141647 -46.643936 -46.112358 -45.552727 -44.973198 -44.383781 -43.795624 -43.220875 -42.670700 -42.155121 -41.682022 -41.256653 -40.881958 -40.558022 -40.282990 -40.053421
-58.474018 -57.952583 -57.428165 -56.907551 -56.396767 -55.901356 -55.426044 -54.974472 -54.549610 -54.153084 -53.785587 -53.447369 -53.137302 -52.854374 -52.596741 -52.362297 -52.148949 -51.954216 -51.775715 -51.610992 -51.457611 -51.313278 -51.175587 -51.042206 -50.910942 -50.779358 -50.645233 -50.506153 -50.359592 -50.203098 -50.033916 -49.849236 -49.646091 -49.421364 -49.172062 -48.895027 -48.587334 -48.246410 -47.870113 -47.457520 -47.008568 -46.524792 -46.009377 -45.467888 -44.907433 -44.336945 -43.766670 -43.207314 -42.669769 -42.163486 -41.696323 -41.273895 -40.899342 -40.573723 -40.295746 -40.062607 -39.870384
-58.500851 -57.992188 -57.479515 -56.969097 -56.466515 -55.976971 -55.504967 -55.054062 -54.627262 -54.226273 -53.852005 -53.504921 -53.184174 -52.888985 -52.617783 -52.368664 -52.139702 -51.928627 -51.733097 -51.550755 -51.379189 -51.216080 -51.059040 -50.905643 -50.753643 -50.600471 -50.443832 -50.281204 -50.109966 -49.927567 -49.731216 -49.518089 -49.285313 -49.029900 -48.749149 -48.440331 -48.101101 -47.729698 -47.324947 -46.887131 -46.417465 -45.918873 -45.395813 -44.854950 -44.304062 -43.752300 -43.209496 -42.685310 -42.189102 -41.728432 -41.309090 -40.934750 -40.606827 -40.325012 -40.087105 -39.889763 -39.728844
-58.513653 -58.017090 -57.515652 -57.015099 -56.520588 -56.036972 -55.568535 -55.118690 -54.690399 -54.285480 -53.904945 -53.549488 -53.218441 -52.911278 -52.626640 -52.362835 -52.118126 -51.890366 -51.677338 -51.476776 -51.286270 -51.103569 -50.926224 -50.751804 -50.578022 -50.402233 -50.222084 -50.034988 -49.838287 -49.629440 -49.405693 -49.164310 -48.902573 -48.617805 -48.307701 -47.970108 -47.603394 -47.206627 -46.779720 -46.324028 -45.841965 -45.337532 -44.816109 -44.284935 -43.751968 -43.226021 -42.716034 -42.230370 -41.776695 -41.360764 -40.986603 -40.656277 -40.369911 -40.126259 -39.922577 -39.755268 -39.620239
-58.512547 -58.027321 -57.536503 -57.045380 -56.558681 -56.080933 -55.616142 -55.167587 -54.738194 -54.329765 -53.943432 -53.580025 -53.239075 -52.920250 -52.622391 -52.343994 -52.083488 -51.838882 -51.608074 -51.388870 -51.178925 -50.976036 -50.777771 -50.581657 -50.385437 -50.186405 -49.982239 -49.770332 -49.548058 -49.312931 -49.062332 -48.793724 -48.504662 -48.192841 -47.856506 -47.494106 -47.104794 -46.688522 -46.246147 -45.780037 -45.293510 -44.791325 -44.279366 -43.765030 -43.255989 -42.760300 -42.285831 -41.839478 -41.427341 -41.053555 -40.720680 -40.429562 -40.179436 -39.968445 -39.793556 -39.651154 -39.537289
-58.497742 -58.023056 -57.542168 -57.059933 -56.580681 -56.108604 -55.647453 -55.200340 -54.770077 -54.358482 -53.966743 -53.595814 -53.245342 -52.915203 -52.604385 -52.311577 -52.035378 -51.773911 -51.525223 -51.287201 -51.057575 -50.834213 -50.614704 -50.396618 -50.177719 -49.955322 -49.727150 -49.490654 -49.243294 -48.982758 -48.706604 -48.412571 -48.098602 -47.762817 -47.404068 -47.021461 -46.614906 -46.185173 -45.733925 -45.264332 -44.780334 -44.287113 -43.790707 -43.298260 -42.816849 -42.353622 -41.915199 -41.507133 -41.134064 -40.798801 -40.502773 -40.245930 -40.026909 -39.843502 -39.692589 -39.570648 -39.473980
-58.469505 -58.004551 -57.532871 -57.058933 -56.586693 -56.120007 -55.662392 -55.216732 -54.785770 -54.371288 -53.974480 -53.596405 -53.236813 -52.895729 -52.572311 -52.265369 -51.973694 -51.695541 -51.429070 -51.172283 -50.923012 -50.679195 -50.438484 -50.198509 -49.957134 -49.711700 -49.460041 -49.199745 -48.928410 -48.643944 -48.344173 -48.027168 -47.691307 -47.335197 -46.958279 -46.560314 -46.141888 -45.704479 -45.250412 -44.783352 -44.307625 -43.828529 -43.351921 -42.884476 -42.432484 -42.002075 -41.598679 -41.226620 -40.889320 -40.588531 -40.324814 -40.097511 -39.904884 -39.744576 -39.613480 -39.508263 -39.425480
-58.428211 -57.972137 -57.508934 -57.042664 -56.576935 -56.115307 -55.661018 -55.216789 -54.785240 -54.368073 -53.966507 -53.581638 -53.213341 -52.861713 -52.526096 -52.205429 -51.898632 -51.604126 -51.320183 -51.044952 -50.776321 -50.512375 -50.250847 -49.989475 -49.726212 -49.458530 -49.184414 -48.901588 -48.607887 -48.301498 -47.980534 -47.643448 -47.289089 -46.916550 -46.525841 -46.117279 -45.692070 -45.252220 -44.800484 -44.340866 -43.877769 -43.416382 -42.962196 -42.521202 -42.098877 -41.700333 -41.329922 -40.990910 -40.685699 -40.415268 -40.179535 -39.977444 -39.807056 -39.665955 -39.551174 -39.459579 -39.387978
-58.374214 -57.926235 -57.470772 -57.011524 -56.551788 -56.094833 -55.643642 -55.200752 -54.768658 -54.348984 -53.942928 -53.551636 -53.175026 -52.813339 -52.465992 -52.132088 -51.810673 -51.500313 -51.199402 -50.906223 -50.618813 -50.335358 -50.053730 -49.771778 -49.487625 -49.198864 -48.903694 -48.600052 -48.286003 -47.960037 -47.620636 -47.266647 -46.897312 -46.512260 -46.111965 -45.697258 -45.269775 -44.831921 -44.386700 -43.938225 -43.490807 -43.049324 -42.618774 -42.204433 -41.810925 -41.442436 -41.102379 -40.793137 -40.516335 -40.272331 -40.060623 -39.879906 -39.728146 -39.602974 -39.501572 -39.421043 -39.358448
-58.307980 -57.867313 -57.418854 -56.965996 -56.511730 -56.059040 -55.610695 -55.169037 -54.736401 -54.314362 -53.904083 -53.506721 -53.122257 -52.750992 -52.392471 -52.045914 -51.710510 -51.384937 -51.067764 -50.757397 -50.452003 -50.149929 -49.849216 -49.547821 -49.244080 -48.935749 -48.621265 -48.298790 -47.966690 -47.623760 -47.268837 -46.901146 -46.520370 -46.126522 -45.720528 -45.303574 -44.877647 -44.445347 -44.009811 -43.575058 -43.145187 -42.724655 -42.317886 -41.929451 -41.563183 -41.222446 -40.909851 -40.627068 -40.375126 -40.153946 -39.962738 -39.800049 -39.663849 -39.551849 -39.461418 -39.389870 -39.334511
-58.229939 -57.795849 -57.353725 -56.906639 -56.457317 -56.008507 -55.562725 -55.122162 -54.689003 -54.264748 -53.850494 -53.447445 -53.055565 -52.675274 -52.306198 -51.947666 -51.599014 -51.259026 -50.926453 -50.599827 -50.277466 -49.957912 -49.639320 -49.319878 -48.998108 -48.671967 -48.340130 -48.001038 -47.653328 -47.296135 -46.928612 -46.550369 -46.161434 -45.762180 -45.353878 -44.937988 -44.516678 -44.092651 -43.668999 -43.249573 -42.838150 -42.438713 -42.055115 -41.691231 -41.350204 -41.034668 -40.746605 -40.487118 -40.256783 -40.055191 -39.881393 -39.733864 -39.610622 -39.509495 -39.428040 -39.363770 -39.314240
