tests/outputSonde4/outvarComp.dat
NCOLS   150
NROWS   150
XLLCORNER         235.050
YLLCORNER          38.050
CELLSIZE           0.100          0.100
NODATA_VALUE -9999.
[rows 27 to 53 of 150, columns 61 to 121 of 150]
10.193982 10.066547 9.936622 9.804180 9.669291 9.531917 9.392023 9.249720 9.104850 8.957531 8.807723 8.655378 8.500574 8.343268 8.183458 8.021134 7.856253 7.688898 7.519026 7.346586 7.171730 6.994266 6.814343 6.631936 6.447004 6.259672 6.069921 5.877783 5.683306 5.486482 5.287487 5.086339 4.883121 4.677928 4.470805 4.261995 4.051574 3.839686 3.626433 3.412121 3.196869 2.980889 2.764398 2.547568 2.330763 2.114181 1.898083 1.682749 1.468400 1.255441 1.044105 0.834689 0.627485 0.422730 0.220822 0.021990 -0.173549 -0.365372 -0.553442 -0.737365 -0.916971
10.292632 10.164873 10.034633 9.901876 9.766680 9.629007 9.488823 9.346241 9.201106 9.053534 8.903481 8.750906 8.595883 8.438366 8.278351 8.115828 7.950744 7.783188 7.613105 7.440445 7.265344 7.087614 6.907395 6.724650 6.539336 6.351567 6.161314 5.968606 5.773476 5.575915 5.376084 5.173996 4.969719 4.763349 4.554921 4.344667 4.132660 3.919044 3.703914 3.487565 3.270126 3.051799 2.832810 2.613334 2.393734 2.174215 1.955050 1.736521 1.518864 1.302496 1.087667 0.874677 0.663847 0.455420 0.249815 0.047281 -0.151954 -0.347441 -0.539129 -0.726607 -0.909694
10.390411 10.262329 10.131767 9.998698 9.863204 9.725246 9.584794 9.441961 9.296597 9.148813 8.998574 8.845828 8.690657 8.533011 8.372882 8.210260 8.045086 7.877449 7.707285 7.534542 7.359350 7.181513 7.001165 6.818258 6.632748 6.444734 6.254179 6.061106 5.865535 5.667449 5.466999 5.264185 5.059070 4.851740 4.642220 4.430737 4.217352 4.002206 3.785383 3.567183 3.347728 3.127222 2.905885 2.683889 2.461615 2.239259 2.017112 1.795460 1.574547 1.354804 1.136494 0.919934 0.705452 0.493321 0.283970 0.077664 -0.125341 -0.324583 -0.519992 -0.711137 -0.897818
10.487132 10.358707 10.227818 10.094435 9.958643 9.820410 9.679703 9.536645 9.391081 9.243129 9.092749 8.939892 8.784637 8.626939 8.466782 8.304159 8.139010 7.971408 7.801296 7.628611 7.453480 7.275701 7.095397 6.912515 6.726997 6.538939 6.348295 6.155070 5.959281 5.760896 5.560056 5.356752 5.151035 4.942982 4.732602 4.520121 4.305585 4.089130 3.870834 3.650986 3.429709 3.207200 2.983684 2.759330 2.534516 2.309454 2.084429 1.859737 1.635636 1.412566 1.190806 0.970686 0.752550 0.536684 0.323544 0.113413 -0.093438 -0.296525 -0.495757 -0.690682 -0.881078
10.582630 10.453841 10.322606 10.188894 10.052800 9.914289 9.773339 9.630067 9.484329 9.336236 9.185757 9.032841 8.877571 8.719889 8.559795 8.397264 8.232245 8.064800 7.894873 7.722394 7.547478 7.369920 7.189839 7.007168 6.821846 6.633955 6.443434 6.250287 6.054512 5.856068 5.655087 5.451540 5.245474 5.036944 4.825964 4.612731 4.397296 4.179772 3.960237 3.738973 3.516091 3.291789 3.066282 2.839744 2.612558 2.384929 2.157153 1.929530 1.702330 1.476002 1.250833 1.027180 0.805393 0.585779 0.368819 0.154806 -0.055960 -0.262975 -0.466131 -0.664949 -0.859188
10.676731 10.547549 10.415937 10.281879 10.145466 10.006671 9.865475 9.721998 9.576099 9.427896 9.277352 9.124423 8.969190 8.811599 8.651643 8.489303 8.324513 8.157349 7.987735 7.815601 7.641060 7.463893 7.284219 7.101955 6.917031 6.729519 6.539354 6.346519 6.151003 5.952755 5.751885 5.548363 5.342214 5.133485 4.922171 4.708462 4.492391 4.274066 4.053554 3.831119 3.606876 3.381011 3.153734 2.925216 2.695840 2.465813 2.235434 2.005012 1.774818 1.545316 1.316811 1.089659 0.864243 0.640881 0.420073 0.202135 -0.012613 -0.223636 -0.430813 -0.633637 -0.831845
10.769243 10.639630 10.507609 10.373172 10.236415 10.097319 9.955864 9.812182 9.666131 9.517830 9.367252 9.214348 9.059205 8.901766 8.742027 8.579962 8.415512 8.248734 8.079564 7.907921 7.733911 7.557308 7.378218 7.196558 7.012246 6.825337 6.635758 6.443481 6.248480 6.050689 5.850206 5.646988 5.441041 5.232399 5.021044 4.807148 4.590736 4.371895 4.150685 3.927358 3.702021 3.474847 3.246042 3.015775 2.784422 2.552193 2.319386 2.086317 1.853262 1.620699 1.388937 1.158356 0.929346 0.702248 0.477583 0.255689 0.036906 -0.178204 -0.389495 -0.596437 -0.798740
10.860004 10.729902 10.597428 10.462575 10.325437 10.186010 10.044281 9.900382 9.754175 9.605788 9.455193 9.302348 9.147336 8.990108 8.830650 8.668944 8.504927 8.338655 8.170055 7.999045 7.825719 7.649850 7.471535 7.290680 7.107188 6.921115 6.732364 6.540895 6.346671 6.149614 5.949806 5.747179 5.541737 5.333484 5.122396 4.908628 4.692181 4.473137 4.251532 4.027617 3.801474 3.573274 3.343217 3.111456 2.878366 2.644157 2.409123 2.173590 1.937834 1.702341 1.467433 1.233501 1.000961 0.770156 0.541640 0.315770 0.092906 -0.126353 -0.341850 -0.553016 -0.759541
10.948830 10.818184 10.685199 10.549869 10.412313 10.272516 10.130480 9.986343 9.839968 9.691493 9.540891 9.388126 9.233282 9.076311 8.917200 8.755933 8.592440 8.426780 8.258874 8.088633 7.916148 7.741183 7.563828 7.383980 7.201529 7.016519 6.828838 6.638441 6.445270 6.249229 6.050386 5.848662 5.644033 5.436496 5.226000 5.012684 4.796537 4.577624 4.355956 4.131777 3.905149 3.676234 3.445219 3.212250 2.977693 2.741755 2.504731 2.266941 2.028669 1.790407 1.552489 1.315320 1.079321 0.844865 0.612522 0.382673 0.155703 -0.067765 -0.287544 -0.503038 -0.713908
11.035540 10.904277 10.770709 10.634850 10.496810 10.356599 10.214212 10.069801 9.923240 9.774668 9.624060 9.471389 9.316740 9.160065 9.001357 8.840597 8.677717 8.512771 8.345675 8.176340 8.004848 7.830958 7.654746 7.476103 7.294912 7.111198 6.924842 6.735779 6.543940 6.349209 6.151638 5.951129 5.747640 5.541153 5.331593 5.119081 4.903585 4.685149 4.463777 4.239679 4.012915 3.783620 3.551975 3.318112 3.082392 2.845010 2.606257 2.366452 2.125880 1.885045 1.644279 1.404006 1.164659 0.926630 0.690510 0.456696 0.225604 -0.002111 -0.226241 -0.446156 -0.661487
11.119967 10.988003 10.853773 10.717303 10.578717 10.438025 10.295240 10.150515 10.003731 9.855037 9.704414 9.551840 9.397400 9.241057 9.082798 8.922610 8.760420 8.596284 8.430113 8.261811 8.091462 7.918810 7.743929 7.566695 7.386980 7.204799 7.020020 6.832559 6.642335 6.449214 6.253228 6.054259 5.852253 5.647161 5.438892 5.227551 5.013075 4.795494 4.574785 4.351150 4.124614 3.895314 3.663393 3.428985 3.192430 2.953917 2.713731 2.472189 2.229571 1.986385 1.742972 1.499761 1.257202 1.015701 0.775870 0.538138 0.302933 0.070945 -0.157588 -0.382006 -0.601906
11.201938 11.069171 10.934194 10.797023 10.657807 10.516563 10.373308 10.228214 10.081164 9.932316 9.781658 9.629170 9.474950 9.318958 9.161189 9.001628 8.840203 8.676961 8.511824 8.344684 8.175617 8.004368 7.830995 7.655370 7.477349 7.296936 7.113985 6.928399 6.740078 6.548867 6.354789 6.157695 5.957514 5.754178 5.547573 5.337779 5.124714 4.908380 4.688736 4.465954 4.240050 4.011127 3.779324 3.544742 3.307718 3.068427 2.827138 2.584167 2.339789 2.094512 1.848683 1.602734 1.357138 1.112300 0.868866 0.627278 0.387993 0.151735 -0.081240 -0.310226 -0.534798
11.281273 11.147602 11.011763 10.873797 10.733858 10.591973 10.448175 10.302643 10.155267 10.006217 9.855494 9.703077 9.549076 9.393448 9.236196 9.077306 8.916703 8.754449 8.590441 8.424582 8.256937 8.087246 7.915558 7.741735 7.565622 7.387213 7.206344 7.022901 6.836771 6.647782 6.455929 6.261052 6.063055 5.861844 5.657285 5.449430 5.238174 5.023498 4.805334 4.583828 4.358974 4.130850 3.899575 3.665231 3.428137 3.188445 2.946426 2.702371 2.456554 2.209487 1.961514 1.713070 1.464634 1.216636 0.969728 0.724383 0.481082 0.240574 0.003146 -0.230457 -0.459773
11.357808 11.223106 11.086290 10.947415 10.806645 10.664020 10.519586 10.373533 10.225767 10.076461 9.925625 9.773252 9.619450 9.464191 9.307476 9.149294 8.989578 8.828374 8.665590 8.501124 8.335033 8.167053 7.997222 7.825392 7.651403 7.475226 7.296688 7.115662 6.932009 6.745549 6.556247 6.363933 6.168473 5.969762 5.767638 5.562126 5.353099 5.140505 4.924254 4.704463 4.481101 4.254223 4.023917 3.790247 3.553507 3.313838 3.071485 2.826732 2.579845 2.331322 2.081511 1.830854 1.579825 1.328876 1.078673 0.829704 0.582477 0.337777 0.095914 -0.142331 -0.376456
11.431372 11.295506 11.157579 11.017665 10.875940 10.732464 10.587291 10.440624 10.292383 10.142751 9.991747 9.839378 9.685754 9.530856 9.374688 9.217242 9.058453 8.898371 8.736898 8.573930 8.409515 8.243391 8.075583 7.905931 7.734268 7.560552 7.384592 7.206244 7.025360 6.841733 6.655313 6.465898 6.273343 6.077514 5.878222 5.675460 5.469085 5.259011 5.045122 4.827504 4.606095 4.380925 4.152054 3.919526 3.683604 3.444406 3.202156 2.957130 2.709575 2.459979 2.208683 1.956131 1.702804 1.449154 1.195868 0.943455 0.692437 0.443632 0.197382 -0.045496 -0.284465
11.501801 11.364617 11.225440 11.084342 10.941532 10.797074 10.651045 10.503657 10.354847 10.204808 10.053573 9.901154 9.747670 9.593117 9.437495 9.280807 9.122984 8.964078 8.803992 8.642618 8.480000 8.315870 8.150239 7.982949 7.813810 7.642775 7.469635 7.294233 7.116395 6.935905 6.752688 6.566518 6.377228 6.184656 5.988595 5.789005 5.585711 5.378603 5.167533 4.952557 4.733582 4.510607 4.283666 4.052767 3.818151 3.579907 3.338243 3.093400 2.845622 2.595371 2.342992 2.088912 1.833623 1.577573 1.321464 1.065820 0.811190 0.558414 0.307861 0.060390 -0.183426
11.568931 11.430269 11.289674 11.147242 11.003191 10.857615 10.710595 10.562368 10.412880 10.262339 10.110793 9.958261 9.804878 9.650640 9.495557 9.339632 9.182805 9.025127 8.866499 8.706811 8.546101 8.384092 8.220794 8.056035 7.889618 7.721474 7.551391 7.379186 7.204675 7.027617 6.847916 6.665331 6.479664 6.290732 6.098295 5.902294 5.702515 5.498824 5.291040 5.079185 4.863138 4.642864 4.418359 4.189607 3.956808 3.720035 3.479458 3.235301 2.987775 2.737341 2.484317 2.229129 1.972256 1.714157 1.455539 1.196937 0.938916 0.682345 0.427624 0.175639 -0.072989
11.632596 11.492275 11.350087 11.206153 11.060699 10.913844 10.765692 10.616491 10.466206 10.315061 10.163115 10.010399 9.857060 9.703098 9.548537 9.393381 9.237572 9.081163 8.924055 8.766131 8.607430 8.447670 8.286848 8.124784 7.961271 7.796228 7.629423 7.460663 7.289747 7.116411 6.940540 6.761869 6.580177 6.395256 6.206840 6.014835 5.819007 5.619184 5.415158 5.206911 4.994291 4.777227 4.555688 4.329612 4.099177 3.864412 3.625463 3.382522 3.135777 2.885667 2.632485 2.376650 2.118631 1.858886 1.598119 1.336878 1.075745 0.815613 0.556900 0.300534 0.047171
11.692631 11.550461 11.406490 11.260863 11.113833 10.965533 10.816086 10.665771 10.514552 10.362685 10.210238 10.057258 9.903897 9.750170 9.596104 9.441711 9.286935 9.131828 8.976295 8.820214 8.663619 8.506222 8.348012 8.188802 8.028367 7.866621 7.703313 7.538239 7.371171 7.201838 7.030095 6.855656 6.678282 6.497733 6.313722 6.126124 5.934673 5.739166 5.539363 5.335214 5.126526 4.913198 4.695157 4.472310 4.244789 4.012598 3.775840 3.534681 3.289276 3.040034 2.787231 2.531257 2.272582 2.011642 1.749151 1.485655 1.221744 0.958335 0.695869 0.435304 0.177333
11.748879 11.604649 11.458693 11.311172 11.162374 11.012445 10.861536 10.709940 10.557652 10.404937 10.251881 10.098542 9.945088 9.791543 9.637940 9.484298 9.330564 9.176789 9.022880 8.868712 8.714311 8.559383 8.403917 8.247705 8.090524 7.932261 7.772657 7.611490 7.448521 7.283456 7.116127 6.946233 6.773503 6.597677 6.418445 6.235648 6.048990 5.858238 5.663120 5.463550 5.259299 5.050228 4.836226 4.617164 4.393133 4.164094 3.930119 3.691336 3.447862 3.200076 2.948224 2.692677 2.433879 2.172259 1.908515 1.643201 1.376912 1.110574 0.844653 0.580136 0.317749
11.801173 11.654660 11.506495 11.356869 11.206091 11.054338 10.901783 10.748742 10.595228 10.441528 10.287745 10.133951 9.980328 9.826907 9.673731 9.520823 9.368134 9.215719 9.063477 8.911284 8.759161 8.606812 8.454207 8.301136 8.147364 7.992760 7.837059 7.680015 7.521378 7.360830 7.198191 7.033128 6.865356 6.694592 6.520492 6.342873 6.161413 5.975843 5.785859 5.591341 5.392024 5.187728 4.978308 4.763588 4.543625 4.318333 4.087748 3.851950 3.611028 3.365314 3.115031 2.860510 2.602180 2.340443 2.075988 1.809356 1.541149 1.272302 1.003289 0.735130 0.468576
11.849342 11.700306 11.549698 11.397738 11.244762 11.090978 10.936581 10.781915 10.627015 10.472185 10.317549 10.163196 10.009320 9.855963 9.703173 9.550980 9.399338 9.248301 9.097768 8.947615 8.797851 8.648174 8.498550 8.348752 8.198536 8.047761 7.896144 7.743427 7.589335 7.433547 7.275848 7.115895 6.953378 6.787985 6.619356 6.447275 6.271391 6.091407 5.906993 5.717981 5.524080 5.325066 5.120758 4.910939 4.695620 4.474675 4.248093 4.015915 3.778186 3.535193 3.287124 3.034280 2.777044 2.515808 2.251234 1.983852 1.714254 1.443381 1.171714 0.900296 0.629901
11.893225 11.741411 11.588108 11.433566 11.278163 11.122128 10.965677 10.809198 10.652742 10.496637 10.341021 10.186001 10.031787 9.878424 9.725980 9.574483 9.423890 9.274254 9.125470 8.977414 8.830085 8.683177 8.536642 8.390245 8.243732 8.096943 7.949582 7.801375 7.652040 7.501226 7.348706 7.194114 7.037121 6.877395 6.714550 6.548343 6.378395 6.204384 6.025940 5.842872 5.654846 5.461606 5.262926 5.058555 4.848448 4.632446 4.410487 4.182566 3.948683 3.709084 3.463905 3.213411 2.957952 2.697885 2.433837 2.166331 1.895936 1.623592 1.349786 1.075565 0.801733
11.932637 11.777774 11.621514 11.464137 11.306057 11.147534 10.988825 10.830338 10.672146 10.514607 10.357879 10.202082 10.047446 9.894025 9.741883 9.591063 9.441522 9.293310 9.146320 9.000421 8.855601 8.711555 8.568215 8.425339 8.282659 8.140000 7.997060 7.853540 7.709142 7.563504 7.416378 7.267380 7.116160 6.962365 6.805587 6.645558 6.481878 6.314186 6.142099 5.965380 5.783662 5.596659 5.404099 5.205696 5.001359 4.790880 4.574156 4.351132 4.121756 3.886227 3.644635 3.397202 3.144227 2.886030 2.623217 2.356266 2.085736 1.812550 1.537188 1.260709 0.983928
11.967408 11.809208 11.649706 11.489223 11.328209 11.166960 11.005768 10.845070 10.684963 10.525840 10.367868 10.211191 10.056048 9.902504 9.750633 9.600477 9.451996 9.305233 9.160084 9.016403 8.874173 8.733077 8.593039 8.453800 8.315083 8.176696 8.038318 7.899644 7.760355 7.620076 7.478535 7.335338 7.190113 7.042485 6.892032 6.738456 6.581333 6.420288 6.254897 6.084897 5.909889 5.729552 5.543579 5.351640 5.153603 4.949207 4.738313 4.520809 4.296597 4.065823 3.828526 3.584874 3.335122 3.079545 2.818703 2.553047 2.283097 2.009765 1.733511 1.455395 1.176236
11.997343 11.835506 11.672471 11.508597 11.344380 11.180161 11.016256 10.853138 10.690940 10.530073 10.370731 10.213072 10.057346 9.903633 9.752005 9.602509 9.455104 9.309827 9.166568 9.025174 8.885615 8.747563 8.610929 8.475443 8.340807 8.206821 8.073146 7.939463 7.805437 7.670677 7.534894 7.397677 7.258638 7.117386 6.973479 6.826597 6.676295 6.522171 6.363786 6.200836 6.032901 5.859623 5.680657 5.495643 5.304398 5.106624 4.902125 4.690750 4.472345 4.246999 4.014698 3.775558 3.529789 3.277599 3.019510 2.755924 2.487333 2.214613 1.938199 1.659146 1.378266
12.022243 11.856452 11.689577 11.522023 11.354330 11.186881 11.020029 10.854290 10.689821 10.527062 10.366226 10.207494 10.051124 9.897198 9.745799 9.596972 9.450671 9.306929 9.165623 9.026588 8.889787 8.754877 8.621752 8.490126 8.359694 8.230228 8.101381 7.972819 7.844188 7.715089 7.585212 7.454128 7.321438 7.186735 7.049561 6.909571 6.766306 6.619344 6.468224 6.312610 6.152061 5.986187 5.814609 5.636933 5.452933 5.262270 5.064704 4.860028 4.648042 4.428778 4.202167 3.968271 3.727230 3.479214 3.224681 2.963984 2.697567 2.426271 2.150501 1.871284 1.589423
