tests/outputSonde4/outvarComp.dat
NCOLS   150
NROWS   150
XLLCORNER         235.050
YLLCORNER          38.050
CELLSIZE           0.100          0.100
NODATA_VALUE -9999.
[rows 108 to 134 of 150, columns 0 to 60 of 150]
14.187311 14.177342 14.167984 14.159302 14.151362 14.144210 14.137860 14.132330 14.127602 14.123642 14.120405 14.117828 14.115839 14.114361 14.113297 14.112576 14.112109 14.111831 14.111677 14.111600 14.111569 14.111561 14.111572 14.111606 14.111670 14.111787 14.111948 14.112158 14.112390 14.112576 14.112614 14.112340 14.111519 14.109829 14.106848 14.102034 14.094713 14.084051 14.069057 14.048552 14.021154 13.985309 13.939236 13.880976 13.808414 13.719301 13.611424 13.482574 13.330778 13.154434 12.952457 12.724692 12.471769 12.195457 11.898577 11.585286 11.260429 10.929603 10.598691 10.273419 9.959310
14.179491 14.170601 14.162273 14.154572 14.147537 14.141203 14.135587 14.130689 14.126491 14.122966 14.120066 14.117740 14.115919 14.114540 14.113529 14.112816 14.112333 14.112024 14.111836 14.111730 14.111675 14.111659 14.111671 14.111708 14.111777 14.111878 14.112006 14.112140 14.112239 14.112228 14.111990 14.111349 14.110065 14.107815 14.104182 14.098632 14.090513 14.079013 14.063185 14.041889 14.013811 13.977463 13.931152 13.873019 13.801063 13.713160 13.607223 13.481174 13.333152 13.161648 12.965614 12.744874 12.499958 12.232448 11.944877 11.641042 11.325377 11.003038 10.679517 10.360190 10.050352
14.173099 14.165162 14.157741 14.150884 14.144625 14.138987 14.133983 14.129603 14.125838 14.122656 14.120021 14.117882 14.116185 14.114872 14.113885 14.113163 14.112657 14.112308 14.112081 14.111939 14.111863 14.111829 14.111829 14.111858 14.111910 14.111980 14.112043 14.112073 14.112011 14.111767 14.111207 14.110157 14.108358 14.105495 14.101142 14.094776 14.085764 14.073312 14.056509 14.034266 14.005313 13.968241 13.921445 13.863158 13.791503 13.704470 13.600113 13.476488 13.331854 13.164801 12.974335 12.760282 12.523088 12.264165 11.985797 11.691437 11.385123 11.071594 10.755924 10.443150 10.138288
14.167752 14.160670 14.154048 14.147930 14.142340 14.137299 14.132813 14.128875 14.125471 14.122574 14.120151 14.118160 14.116560 14.115295 14.114321 14.113589 14.113050 14.112667 14.112403 14.112223 14.112111 14.112051 14.112023 14.112021 14.112029 14.112029 14.111989 14.111869 14.111593 14.111059 14.110128 14.108600 14.106223 14.102664 14.097507 14.090229 14.080214 14.066692 14.048775 14.025419 13.995415 13.957417 13.909900 13.851208 13.779562 13.693091 13.589981 13.468423 13.326799 13.163808 12.978529 12.770786 12.540975 12.290355 12.020986 11.735999 11.439072 11.134523 10.827039 10.521293 10.222009
14.163150 14.156826 14.150913 14.145450 14.140450 14.135932 14.131896 14.128339 14.125243 14.122592 14.120352 14.118491 14.116972 14.115750 14.114788 14.114041 14.113475 14.113054 14.112749 14.112529 14.112375 14.112268 14.112191 14.112125 14.112052 14.111939 14.111747 14.111415 14.110865 14.109978 14.108595 14.106514 14.103471 14.099126 14.093064 14.084774 14.073643 14.058916 14.039748 14.015129 13.983898 13.944784 13.896340 13.837005 13.765118 13.678928 13.576757 13.456931 13.317965 13.158661 12.978176 12.776353 12.553541 12.310883 12.050227 11.774417 11.486786 11.191273 10.892166 10.593787 10.300563
14.159034 14.153395 14.148123 14.143241 14.138767 14.134710 14.131077 14.127853 14.125038 14.122602 14.120527 14.118784 14.117338 14.116157 14.115204 14.114451 14.113858 14.113400 14.113049 14.112778 14.112566 14.112391 14.112235 14.112071 14.111869 14.111591 14.111187 14.110581 14.109680 14.108356 14.106440 14.103718 14.099912 14.094683 14.087616 14.078197 14.065827 14.049778 14.029222 14.003187 13.970577 13.930170 13.880611 13.820427 13.748069 13.661911 13.560406 13.442007 13.305366 13.149391 12.973317 12.777016 12.560801 12.325716 12.073426 11.806514 11.527989 11.241434 10.950771 10.659969 10.373156
14.155190 14.150177 14.145483 14.141129 14.137126 14.133486 14.130213 14.127299 14.124728 14.122496 14.120573 14.118937 14.117565 14.116425 14.115484 14.114720 14.114102 14.113604 14.113199 14.112862 14.112571 14.112304 14.112033 14.111724 14.111342 14.110843 14.110156 14.109202 14.107872 14.106027 14.103483 14.100019 14.095353 14.089136 14.080953 14.070291 14.056569 14.039069 14.016994 13.989418 13.955276 13.913426 13.862581 13.801370 13.728342 13.641995 13.540909 13.423670 13.289049 13.136068 12.964035 12.772859 12.562836 12.334907 12.090587 11.832224 11.562532 11.284767 11.002497 10.719357 10.439170
14.151436 14.146993 14.142824 14.138950 14.135380 14.132124 14.129178 14.126545 14.124208 14.122158 14.120380 14.118850 14.117546 14.116442 14.115514 14.114738 14.114091 14.113543 14.113070 14.112648 14.112254 14.111859 14.111431 14.110929 14.110313 14.109520 14.108481 14.107100 14.105253 14.102797 14.099533 14.095229 14.089596 14.082283 14.072872 14.060858 14.045667 14.026602 14.002891 13.973639 13.937842 13.894413 13.842143 13.779748 13.705883 13.619162 13.518280 13.401958 13.269083 13.118779 12.950444 12.764003 12.559752 12.338553 12.101783 11.851570 11.590374 11.321138 11.047108 10.771603 10.498149
14.147610 14.143685 14.140001 14.136570 14.133394 14.130487 14.127851 14.125475 14.123355 14.121481 14.119836 14.118402 14.117162 14.116093 14.115175 14.114380 14.113690 14.113078 14.112519 14.111990 14.111458 14.110895 14.110261 14.109512 14.108596 14.107448 14.105976 14.104086 14.101636 14.098471 14.094387 14.089141 14.082437 14.073922 14.063177 14.049700 14.032931 14.012191 13.986732 13.955700 13.918135 13.873013 13.819197 13.755490 13.680647 13.593388 13.492531 13.376915 13.245544 13.097632 12.932658 12.750591 12.551705 12.336806 12.107141 11.864654 11.611560 11.350531 11.084507 10.816511 10.549788
14.143559 14.140117 14.136878 14.133852 14.131043 14.128462 14.126104 14.123968 14.122049 14.120336 14.118814 14.117470 14.116289 14.115245 14.114323 14.113501 14.112753 14.112059 14.111390 14.110720 14.110013 14.109234 14.108344 14.107293 14.106010 14.104428 14.102449 14.099958 14.096817 14.092849 14.087847 14.081556 14.073679 14.063858 14.051674 14.036634 14.018186 13.995667 13.968367 13.935458 13.896030 13.849118 13.793657 13.728533 13.652596 13.564671 13.463687 13.348597 13.218508 13.072734 12.910817 12.732770 12.538859 12.329829 12.106826 11.871616 11.626204 11.373008 11.114694 10.854002 10.593914
14.139153 14.136158 14.133327 14.130673 14.128203 14.125918 14.123819 14.121908 14.120170 14.118605 14.117193 14.115927 14.114789 14.113760 14.112822 14.111951 14.111126 14.110323 14.109511 14.108662 14.107738 14.106701 14.105497 14.104075 14.102362 14.100268 14.097699 14.094523 14.090593 14.085730 14.079711 14.072281 14.063129 14.051904 14.038181 14.021483 14.001267 13.976884 13.947657 13.912791 13.871422 13.822648 13.765463 13.698839 13.621717 13.533021 13.431785 13.317063 13.188066 13.044196 12.885059 12.710703 12.521389 12.317818 12.101027 11.872640 11.634465 11.388694 11.137736 10.884085 10.630465
14.134269 14.131682 14.129226 14.126919 14.124753 14.122743 14.120881 14.119170 14.117598 14.116161 14.114843 14.113640 14.112529 14.111495 14.110519 14.109577 14.108648 14.107703 14.106715 14.105647 14.104461 14.103104 14.101530 14.099672 14.097449 14.094774 14.091529 14.087583 14.082779 14.076922 14.069794 14.061124 14.050607 14.037884 14.022537 14.004092 13.982024 13.955704 13.924478 13.887588 13.844220 13.793520 13.734558 13.666374 13.588000 13.498451 13.396858 13.282378 13.154308 13.012134 12.855520 12.684546 12.499474 12.300953 12.089944 11.867928 11.636543 11.397769 11.153790 10.906862 10.659480
14.128791 14.126577 14.124466 14.122469 14.120584 14.118819 14.117169 14.115635 14.114208 14.112878 14.111639 14.110474 14.109371 14.108308 14.107267 14.106226 14.105160 14.104038 14.102831 14.101495 14.099990 14.098265 14.096255 14.093892 14.091091 14.087749 14.083751 14.078947 14.073177 14.066244 14.057913 14.047917 14.035942 14.021636 14.004584 13.984317 13.960330 13.932005 13.898723 13.859762 13.814347 13.761685 13.700905 13.631124 13.551450 13.460987 13.358958 13.244610 13.117324 12.976659 12.822336 12.654463 12.473294 12.279448 12.073800 11.857709 11.632660 11.400444 11.163048 10.922501 10.681086
14.122608 14.120732 14.118935 14.117216 14.115583 14.114034 14.112572 14.111190 14.109879 14.108638 14.107446 14.106296 14.105172 14.104053 14.102918 14.101745 14.100504 14.099163 14.097690 14.096039 14.094161 14.092002 14.089493 14.086556 14.083101 14.079019 14.074183 14.068439 14.061623 14.053520 14.043903 14.032497 14.018984 14.003018 13.984190 13.962038 13.936066 13.905691 13.870311 13.829244 13.781758 13.727108 13.664488 13.593083 13.512079 13.420658 13.318134 13.203827 13.077204 12.937883 12.785644 12.620605 12.443029 12.253495 12.052805 11.842213 11.623060 11.396973 11.165742 10.931212 10.695465
14.115618 14.114047 14.112528 14.111059 14.109644 14.108286 14.106979 14.105720 14.104501 14.103312 14.102142 14.100979 14.099800 14.098592 14.097328 14.095982 14.094525 14.092919 14.091133 14.089109 14.086805 14.084151 14.081075 14.077495 14.073313 14.068411 14.062657 14.055894 14.047944 14.038597 14.027616 14.014723 13.999601 13.981908 13.961243 13.937144 13.909149 13.876681 13.839173 13.795979 13.746403 13.689756 13.625293 13.552258 13.469911 13.377508 13.274441 13.160107 13.034040 12.895922 12.745570 12.583128 12.408854 12.223292 12.027184 11.821678 11.607995 11.387609 11.162143 10.933262 10.702862
14.107730 14.106428 14.105147 14.103896 14.102668 14.101464 14.100283 14.099114 14.097955 14.096789 14.095607 14.094396 14.093131 14.091793 14.090357 14.088799 14.087081 14.085166 14.083010 14.080561 14.077765 14.074552 14.070845 14.066550 14.061566 14.055776 14.049028 14.041168 14.032010 14.021342 14.008921 13.994473 13.977679 13.958198 13.935641 13.909560 13.879504 13.844920 13.805267 13.759937 13.708271 13.649637 13.583336 13.508675 13.424983 13.331586 13.227944 13.113528 12.987932 12.850887 12.702253 12.542190 12.370949 12.189043 11.997161 11.796353 11.587738 11.372640 11.152539 10.928936 10.703561
14.098846 14.097779 14.096705 14.095631 14.094553 14.093473 14.092381 14.091271 14.090135 14.088959 14.087729 14.086430 14.085039 14.083536 14.081885 14.080064 14.078035 14.075755 14.073175 14.070246 14.066898 14.063064 14.058654 14.053578 14.047726 14.040968 14.033157 14.024126 14.013695 14.001637 13.987712 13.971645 13.953123 13.931808 13.907319 13.879221 13.847080 13.810367 13.768567 13.721102 13.667362 13.606752 13.538630 13.462363 13.377338 13.282948 13.178718 13.064175 12.938973 12.802891 12.655819 12.497932 12.329480 12.150942 11.962951 11.766483 11.562546 11.352348 11.137230 10.918548 10.697881
14.088893 14.088016 14.087113 14.086181 14.085219 14.084220 14.083182 14.082091 14.080942 14.079717 14.078399 14.076970 14.075411 14.073693 14.071785 14.069655 14.067266 14.064567 14.061510 14.058037 14.054076 14.049556 14.044382 14.038458 14.031666 14.023873 14.014931 14.004665 13.992890 13.979383 13.963897 13.946160 13.925862 13.902675 13.876223 13.846087 13.811851 13.773002 13.729062 13.679482 13.623688 13.561132 13.491219 13.413375 13.327039 13.231663 13.126832 13.012135 12.887265 12.752048 12.606402 12.450514 12.284623 12.109185 11.924780 11.732311 11.532696 11.327034 11.116535 10.902429 10.686157
14.077786 14.077065 14.076294 14.075464 14.074577 14.073626 14.072599 14.071490 14.070287 14.068967 14.067520 14.065920 14.064148 14.062169 14.059951 14.057464 14.054658 14.051486 14.047894 14.043818 14.039188 14.033918 14.027915 14.021078 14.013281 14.004395 13.994257 13.982696 13.969515 13.954503 13.937409 13.917957 13.895848 13.870763 13.842326 13.810139 13.773806 13.732832 13.686766 13.635096 13.577280 13.512815 13.441152 13.361764 13.274146 13.177806 13.072380 12.957502 12.832917 12.698485 12.554140 12.400085 12.236551 12.063966 11.882867 11.694089 11.498463 11.296993 11.090775 10.880923 10.668756
14.065459 14.064852 14.064170 14.063406 14.062551 14.061604 14.060551 14.059380 14.058078 14.056624 14.055002 14.053186 14.051153 14.048864 14.046290 14.043389 14.040117 14.036415 14.032232 14.027496 14.022133 14.016055 14.009162 14.001350 13.992494 13.982442 13.971054 13.958141 13.943511 13.926945 13.908195 13.887000 13.863049 13.836040 13.805612 13.771373 13.732951 13.689868 13.641706 13.587979 13.528181 13.461852 13.388485 13.307599 13.218738 13.121457 13.015441 12.900373 12.776032 12.642308 12.499161 12.346795 12.185433 12.015481 11.837430 11.652058 11.460120 11.262528 11.060280 10.854383 10.646042
14.051847 14.051314 14.050679 14.049935 14.049076 14.048091 14.046967 14.045691 14.044246 14.042612 14.040771 14.038691 14.036345 14.033698 14.030716 14.027349 14.023555 14.019272 14.014441 14.008987 14.002833 13.995888 13.988047 13.979204 13.969223 13.957968 13.945271 13.930955 13.914828 13.896671 13.876237 13.853266 13.827459 13.798516 13.766093 13.729811 13.689315 13.644153 13.593926 13.538186 13.476453 13.408313 13.333293 13.250959 13.160898 13.062708 12.956122 12.840855 12.716728 12.583654 12.441607 12.290799 12.131448 11.963927 11.788693 11.606468 11.417942 11.223943 11.025376 10.823160 10.618395
14.036893 14.036393 14.035764 14.035001 14.034089 14.033024 14.031783 14.030358 14.028725 14.026866 14.024754 14.022361 14.019657 14.016605 14.013158 14.009278 14.004906 13.999985 13.994451 13.988223 13.981224 13.973358 13.964515 13.954584 13.943434 13.930916 13.916869 13.901111 13.883451 13.863669 13.841524 13.816761 13.789085 13.758208 13.723795 13.685486 13.642942 13.595732 13.543488 13.485781 13.422172 13.352275 13.275663 13.191933 13.100719 13.001659 12.894522 12.779061 12.655125 12.522648 12.381622 12.232261 12.074766 11.909498 11.736877 11.557570 11.372204 11.181538 10.986402 10.787615 10.586198
14.020548 14.020040 14.019374 14.018545 14.017538 14.016346 14.014947 14.013325 14.011458 14.009326 14.006897 14.004145 14.001031 13.997521 13.993563 13.989112 13.984113 13.978502 13.972211 13.965157 13.957261 13.948420 13.938525 13.927462 13.915092 13.901269 13.885832 13.868595 13.849371 13.827942 13.804070 13.777503 13.747955 13.715150 13.678764 13.638452 13.593895 13.544678 13.490461 13.430843 13.365417 13.293831 13.215685 13.130621 13.038307 12.938417 12.830757 12.715108 12.591346 12.459427 12.319353 12.171337 12.015573 11.852399 11.682201 11.505605 11.323179 11.135619 10.943678 10.748103 10.549829
14.002771 14.002208 14.001464 14.000525 13.999380 13.998015 13.996411 13.994549 13.992403 13.989946 13.987157 13.983995 13.980422 13.976401 13.971882 13.966810 13.961135 13.954781 13.947683 13.939756 13.930911 13.921046 13.910053 13.897812 13.884182 13.869019 13.852160 13.833414 13.812604 13.789509 13.763899 13.735525 13.704113 13.669393 13.631057 13.588771 13.542240 13.491067 13.434933 13.373466 13.306286 13.233073 13.153461 13.067125 12.973768 12.873091 12.764939 12.649114 12.525519 12.394126 12.254946 12.108189 11.954042 11.792824 11.624891 11.450823 11.271139 11.086480 10.897531 10.704974 10.509668
13.983523 13.982864 13.981996 13.980906 13.979578 13.977997 13.976141 13.973989 13.971518 13.968696 13.965492 13.961872 13.957797 13.953218 13.948086 13.942348 13.935944 13.928802 13.920848 13.911997 13.902160 13.891232 13.879099 13.865637 13.850716 13.834177 13.815865 13.795591 13.773178 13.748409 13.721058 13.690880 13.657619 13.621005 13.580747 13.536527 13.488068 13.434988 13.376999 13.313749 13.244883 13.170113 13.089106 13.001561 12.907215 12.805806 12.697193 12.581213 12.457784 12.326893 12.188557 12.042988 11.890360 11.730977 11.565163 11.393467 11.216355 11.034420 10.848289 10.658579 10.466085
13.962781 13.961982 13.960946 13.959658 13.958103 13.956262 13.954110 13.951628 13.948780 13.945546 13.941883 13.937759 13.933128 13.927947 13.922156 13.915705 13.908527 13.900546 13.891699 13.881881 13.871007 13.858975 13.845664 13.830953 13.814706 13.796771 13.776986 13.755170 13.731144 13.704695 13.675606 13.643643 13.608544 13.570066 13.527923 13.481812 13.431475 13.376549 13.316766 13.251801 13.181322 13.105069 13.022734 12.934051 12.838780 12.736683 12.627651 12.511536 12.388279 12.257873 12.120343 11.975902 11.824713 11.667059 11.503246 11.333778 11.159092 10.979728 10.796263 10.609255 10.419445
13.940515 13.939536 13.938291 13.936767 13.934938 13.932791 13.930299 13.927437 13.924175 13.920478 13.916314 13.911639 13.906411 13.900578 13.894085 13.886876 13.878878 13.870025 13.860235 13.849412 13.837469 13.824297 13.809774 13.793786 13.776189 13.756836 13.735564 13.712195 13.686551 13.658430 13.627616 13.593881 13.556974 13.516665 13.472677 13.424723 13.372565 13.315854 13.254346 13.187737 13.115717 13.038056 12.954468 12.864715 12.768580 12.665851 12.556438 12.440217 12.317142 12.187212 12.050461 11.907101 11.757282 11.601271 11.439350 11.271999 11.099615 10.922688 10.741755 10.557329 10.370095
