tests/outputNCEP4/outvarComp.dat
NCOLS   150
NROWS   150
XLLCORNER         235.050
YLLCORNER          38.050
CELLSIZE           0.100          0.100
NODATA_VALUE -9999.
[rows 81 to 107 of 150, columns 0 to 60 of 150]
14.878614 14.848788 14.818956 14.789129 14.759298 14.729465 14.699638 14.669807 14.639980 14.610149 14.580318 14.550491 14.520659 14.490832 14.461001 14.431170 14.401343 14.371511 14.341685 14.311853 14.282022 14.252195 14.222363 14.192537 14.162705 14.096263 13.993226 13.890174 13.787138 13.684086 13.581033 13.477996 13.374943 13.271907 13.168856 13.065804 12.962767 12.859714 12.756678 12.653625 12.550573 12.447537 12.344484 12.241447 12.138395 12.035343 11.932306 11.829254 11.726217 11.623165 11.505408 11.372967 11.240504 11.108063 10.975601 10.843139 10.710697 10.578234 10.445792 10.313332 10.180869
14.844877 14.814045 14.783207 14.752375 14.721539 14.690701 14.659869 14.629031 14.598198 14.567361 14.536525 14.505692 14.474855 14.444023 14.413185 14.382348 14.351516 14.320680 14.289846 14.259009 14.228172 14.197339 14.166503 14.135670 14.104834 14.037429 13.933472 13.829500 13.725545 13.621573 13.517601 13.413646 13.309674 13.205717 13.101746 12.997774 12.893819 12.789846 12.685891 12.581919 12.477947 12.373992 12.270020 12.166064 12.062092 11.958120 11.854164 11.750194 11.646236 11.542265 11.423877 11.291092 11.158286 11.025501 10.892696 10.759891 10.627106 10.494301 10.361515 10.228710 10.095905
14.811142 14.779304 14.747460 14.715622 14.683781 14.651937 14.620099 14.588256 14.556417 14.524575 14.492733 14.460895 14.429052 14.397214 14.365372 14.333529 14.301690 14.269848 14.238010 14.206167 14.174324 14.142488 14.110643 14.078806 14.046963 13.978596 13.873720 13.768829 13.663954 13.559064 13.454172 13.349297 13.244406 13.139530 13.034639 12.929749 12.824873 12.719982 12.615108 12.510216 12.405325 12.300449 12.195559 12.090683 11.985793 11.880901 11.776026 11.671135 11.566260 11.461369 11.342348 11.209221 11.076072 10.942943 10.809795 10.676647 10.543518 10.410370 10.277241 10.144093 10.010943
14.777405 14.744562 14.711712 14.678869 14.646021 14.613172 14.580329 14.547480 14.514636 14.481787 14.448939 14.416097 14.383248 14.350404 14.317555 14.284707 14.251863 14.219014 14.186171 14.153324 14.120473 14.087631 14.054781 14.021938 13.989090 13.919761 13.813967 13.708155 13.602362 13.496552 13.390741 13.284946 13.179134 13.073340 12.967529 12.861719 12.755926 12.650115 12.544321 12.438510 12.332700 12.226904 12.121094 12.015300 11.909489 11.803679 11.697885 11.592073 11.486279 11.380469 11.260818 11.127346 10.993854 10.860382 10.726891 10.593399 10.459927 10.326435 10.192964 10.059472 9.925980
14.743669 14.709820 14.675964 14.642117 14.608263 14.574409 14.540559 14.506705 14.472856 14.439001 14.405148 14.371299 14.337444 14.303596 14.269741 14.235888 14.202038 14.168183 14.134335 14.100481 14.066627 14.032777 13.998923 13.965074 13.931220 13.860928 13.754214 13.647484 13.540771 13.434041 13.327312 13.220596 13.113867 13.007154 12.900423 12.793694 12.686980 12.580250 12.473536 12.366806 12.260077 12.153362 12.046633 11.939919 11.833190 11.726460 11.619745 11.513016 11.406301 11.299572 11.179289 11.045474 10.911639 10.777825 10.643990 10.510155 10.376339 10.242504 10.108689 9.974854 9.841019
14.709934 14.675078 14.640219 14.605364 14.570505 14.535645 14.500790 14.465930 14.431075 14.396215 14.361356 14.326502 14.291641 14.256787 14.221927 14.187068 14.152212 14.117353 14.082499 14.047639 14.012779 13.977924 13.943065 13.908211 13.873350 13.802095 13.694463 13.586812 13.479180 13.371531 13.263882 13.156248 13.048598 12.940966 12.833317 12.725668 12.618034 12.510386 12.402752 12.295103 12.187454 12.079821 11.972171 11.864539 11.756889 11.649240 11.541607 11.433958 11.326324 11.218676 11.097761 10.963603 10.829424 10.695267 10.561089 10.426910 10.292751 10.158573 10.024415 9.890236 9.756058
14.676197 14.640337 14.604470 14.568610 14.532744 14.496879 14.461020 14.425154 14.389294 14.353428 14.317562 14.281702 14.245837 14.209976 14.174111 14.138246 14.102386 14.066521 14.030659 13.994794 13.958928 13.923068 13.887203 13.851343 13.815477 13.743260 13.634708 13.526139 13.417587 13.309018 13.200450 13.091898 12.983328 12.874776 12.766207 12.657639 12.549088 12.440518 12.331966 12.223396 12.114828 12.006275 11.897707 11.789155 11.680586 11.572017 11.463465 11.354897 11.246344 11.137775 11.016230 10.881729 10.747207 10.612705 10.478184 10.343661 10.209161 10.074638 9.940138 9.805615 9.671094
14.642460 14.605595 14.568723 14.531857 14.494987 14.458115 14.421249 14.384378 14.347512 14.310641 14.273771 14.236905 14.200034 14.163168 14.126297 14.089426 14.052560 14.015689 13.978824 13.941952 13.905081 13.868216 13.831344 13.794478 13.757607 13.684427 13.574957 13.465467 13.355996 13.246510 13.137020 13.027548 12.918060 12.808588 12.699100 12.589613 12.480142 12.370653 12.261182 12.151693 12.042206 11.932734 11.823246 11.713775 11.604286 11.494798 11.385326 11.275838 11.166367 11.056878 10.934702 10.799858 10.664991 10.530148 10.395283 10.260417 10.125573 9.990708 9.855864 9.720999 9.586133
14.608723 14.570852 14.532975 14.495104 14.457228 14.419351 14.381479 14.343602 14.305731 14.267854 14.229978 14.192107 14.154228 14.116358 14.078482 14.040604 14.002733 13.964856 13.926985 13.889109 13.851231 13.813359 13.775483 13.737612 13.699736 13.625593 13.515202 13.404794 13.294403 13.183996 13.073588 12.963198 12.852790 12.742399 12.631990 12.521584 12.411194 12.300785 12.190395 12.079988 11.969580 11.859189 11.748781 11.638391 11.527983 11.417576 11.307185 11.196776 11.086387 10.975979 10.853170 10.717983 10.582774 10.447586 10.312379 10.177170 10.041983 9.906775 9.771585 9.636377 9.501169
14.574988 14.536110 14.497229 14.458351 14.419470 14.380588 14.341710 14.302827 14.263950 14.225068 14.186185 14.147309 14.108426 14.069551 14.030667 13.991784 13.952909 13.914025 13.875149 13.836266 13.797383 13.758507 13.719625 13.680747 13.641865 13.566760 13.455449 13.344123 13.232812 13.121487 13.010159 12.898849 12.787521 12.676211 12.564884 12.453558 12.342248 12.230921 12.119611 12.008284 11.896957 11.785646 11.674320 11.563009 11.451683 11.340356 11.229046 11.117719 11.006409 10.895082 10.771643 10.636111 10.500560 10.365028 10.229477 10.093925 9.958395 9.822844 9.687312 9.551760 9.416208
14.541252 14.501369 14.461482 14.421598 14.381711 14.341823 14.301941 14.262053 14.222170 14.182281 14.142394 14.102511 14.062623 14.022741 13.982852 13.942966 13.903082 13.863194 13.823312 13.783423 13.743536 13.703653 13.663765 13.623882 13.583995 13.507928 13.395698 13.283451 13.171223 13.058976 12.946730 12.834500 12.722253 12.610025 12.497778 12.385531 12.273303 12.161057 12.048827 11.936581 11.824334 11.712104 11.599859 11.487630 11.375383 11.263135 11.150908 11.038661 10.926432 10.814185 10.690114 10.554240 10.418345 10.282471 10.146576 10.010681 9.874806 9.738913 9.603038 9.467142 9.331247
14.507514 14.466627 14.425733 14.384846 14.343951 14.303058 14.262170 14.221275 14.180388 14.139494 14.098600 14.057713 14.016819 13.975930 13.935037 13.894143 13.853255 13.812361 13.771473 13.730579 13.689686 13.648798 13.607903 13.567017 13.526123 13.449092 13.335944 13.222778 13.109629 12.996464 12.883298 12.770149 12.656982 12.543835 12.430668 12.317503 12.204355 12.091188 11.978041 11.864875 11.751709 11.638560 11.525394 11.412246 11.299080 11.185914 11.072764 10.959599 10.846451 10.733285 10.608582 10.472366 10.336127 10.199910 10.063672 9.927433 9.791216 9.654978 9.518760 9.382521 9.246284
14.473779 14.431885 14.389985 14.348092 14.306194 14.264294 14.222401 14.180500 14.138607 14.096707 14.054809 14.012915 13.971015 13.929122 13.887222 13.845323 13.803430 13.761530 13.719637 13.677737 13.635838 13.593944 13.552045 13.510152 13.468252 13.390259 13.276192 13.162106 13.048038 12.933954 12.819868 12.705801 12.591715 12.477647 12.363561 12.249477 12.135410 12.021324 11.907256 11.793171 11.679086 11.565018 11.450933 11.336864 11.222780 11.108694 10.994626 10.880542 10.766473 10.652388 10.527055 10.390493 10.253912 10.117352 9.980771 9.844189 9.707628 9.571046 9.434485 9.297903 9.161323
14.440042 14.397142 14.354238 14.311338 14.268434 14.225529 14.182629 14.139725 14.096825 14.053919 14.011015 13.968117 13.925210 13.882312 13.839407 13.796501 13.753602 13.710696 13.667799 13.624893 13.581987 13.539089 13.496184 13.453284 13.410379 13.331424 13.216436 13.101432 12.986445 12.871441 12.756436 12.641449 12.526443 12.411457 12.296452 12.181448 12.066461 11.951456 11.836470 11.721465 11.606460 11.491472 11.376469 11.261481 11.146477 11.031472 10.916485 10.801480 10.686493 10.571488 10.445523 10.308619 10.171695 10.034790 9.897866 9.760942 9.624037 9.487112 9.350208 9.213284 9.076358
14.406307 14.362402 14.318491 14.274586 14.230677 14.186766 14.142860 14.098950 14.055045 14.011133 13.967223 13.923319 13.879409 13.835505 13.791593 13.747682 13.703777 13.659865 13.615962 13.572051 13.528140 13.484236 13.440325 13.396420 13.352509 13.272592 13.156685 13.040762 12.924855 12.808932 12.693007 12.577101 12.461176 12.345270 12.229345 12.113422 11.997516 11.881592 11.765685 11.649761 11.533837 11.417931 11.302008 11.186101 11.070176 10.954252 10.838346 10.722422 10.606515 10.490592 10.363996 10.226748 10.089480 9.952232 9.814966 9.677696 9.540450 9.403181 9.265934 9.128666 8.991398
14.372570 14.327662 14.282743 14.237834 14.192918 14.148001 14.103091 14.058175 14.013265 13.968348 13.923430 13.878522 13.833604 13.788695 13.743779 13.698862 13.653952 13.609035 13.564125 13.519209 13.474291 13.429382 13.384466 13.339557 13.294640 13.213758 13.096934 12.980090 12.863264 12.746421 12.629578 12.512753 12.395908 12.279082 12.162239 12.045397 11.928571 11.811728 11.694902 11.578058 11.461215 11.344389 11.227546 11.110721 10.993876 10.877033 10.760207 10.643364 10.526538 10.409695 10.282467 10.144877 10.007265 9.869675 9.732064 9.594452 9.456861 9.319251 9.181660 9.044048 8.906437
14.338834 14.292919 14.246997 14.201081 14.155158 14.109235 14.063320 14.017399 13.971483 13.925560 13.879639 13.833724 13.787800 13.741884 13.695963 13.650041 13.604125 13.558203 13.512287 13.466364 13.420442 13.374526 13.328605 13.282689 13.236767 13.154924 13.037180 12.919416 12.801672 12.683908 12.566146 12.448401 12.330638 12.212893 12.095129 11.977367 11.859623 11.741859 11.624115 11.506352 11.388589 11.270844 11.153081 11.035336 10.917573 10.799810 10.682065 10.564303 10.446558 10.328795 10.200936 10.063003 9.925048 9.787114 9.649159 9.511205 9.373271 9.235315 9.097382 8.959427 8.821472
14.305098 14.258179 14.211249 14.164328 14.117401 14.070473 14.023552 13.976624 13.929703 13.882774 13.835847 13.788925 13.741998 13.695078 13.648149 13.601220 13.554299 13.507372 13.460451 13.413523 13.366594 13.319674 13.272746 13.225825 13.178896 13.096091 12.977427 12.858746 12.740081 12.621400 12.502717 12.384052 12.265370 12.146707 12.028024 11.909342 11.790678 11.671995 11.553331 11.434649 11.315968 11.197302 11.078621 10.959955 10.841274 10.722591 10.603928 10.485245 10.366581 10.247899 10.119409 9.981132 9.842834 9.704556 9.566258 9.427960 9.289683 9.151385 9.013108 8.874809 8.736512
14.271360 14.223435 14.175501 14.127576 14.079641 14.031708 13.983781 13.935847 13.887920 13.839986 13.792053 13.744127 13.696194 13.648268 13.600333 13.552400 13.504473 13.456540 13.408613 13.360680 13.312745 13.264818 13.216885 13.168958 13.121024 13.037256 12.917673 12.798071 12.678488 12.558887 12.439285 12.319700 12.200100 12.080517 11.960915 11.841313 11.721729 11.602127 11.482545 11.362942 11.243341 11.123758 11.004156 10.884572 10.764971 10.645369 10.525785 10.406184 10.286600 10.166998 10.037877 9.899257 9.760614 9.621995 9.483355 9.344713 9.206092 9.067451 8.928830 8.790189 8.651548
14.237626 14.188693 14.139754 14.090821 14.041883 13.992944 13.944011 13.895072 13.846139 13.797200 13.748261 13.699329 13.650390 13.601458 13.552519 13.503579 13.454647 13.405706 13.356775 13.307837 13.258897 13.209964 13.161024 13.112094 13.063153 12.978424 12.857921 12.737399 12.616898 12.496377 12.375855 12.255353 12.134831 12.014329 11.893807 11.773287 11.652784 11.532263 11.411759 11.291239 11.170718 11.050215 10.929694 10.809191 10.688671 10.568150 10.447647 10.327126 10.206623 10.086102 9.956348 9.817386 9.678400 9.539437 9.400454 9.261469 9.122505 8.983520 8.844556 8.705571 8.566586
14.203888 14.153952 14.104007 14.054070 14.004125 13.954179 13.904242 13.854298 13.804358 13.754414 13.704469 13.654532 13.604587 13.554648 13.504704 13.454759 13.404822 13.354877 13.304937 13.254993 13.205048 13.155110 13.105166 13.055228 13.005282 12.919589 12.798169 12.676729 12.555305 12.433867 12.312426 12.191004 12.069564 11.948141 11.826700 11.705260 11.583838 11.462398 11.340976 11.219535 11.098095 10.976673 10.855232 10.733810 10.612370 10.490930 10.369507 10.248068 10.126645 10.005205 9.874821 9.735514 9.596186 9.456879 9.317553 9.178224 9.038917 8.899589 8.760281 8.620953 8.481627
14.170153 14.119209 14.068257 14.017315 13.966365 13.915413 13.864471 13.813521 13.762576 13.711626 13.660675 13.609733 13.558781 13.507838 13.456888 13.405936 13.354995 13.304044 13.253100 13.202150 13.151199 13.100256 13.049306 12.998362 12.947412 12.860756 12.738414 12.616055 12.493713 12.371354 12.248995 12.126653 12.004292 11.881950 11.759590 11.637232 11.514891 11.392530 11.270189 11.147828 11.025470 10.903129 10.780768 10.658427 10.536067 10.413707 10.291366 10.169005 10.046664 9.924305 9.793289 9.653640 9.513968 9.374317 9.234648 9.094976 8.955326 8.815654 8.676004 8.536332 8.396662
14.136416 14.084468 14.032512 13.980563 13.928607 13.876651 13.824702 13.772746 13.720798 13.668840 13.616884 13.564936 13.512979 13.461031 13.409074 13.357118 13.305169 13.253212 13.201264 13.149307 13.097351 13.045403 12.993445 12.941498 12.889541 12.801924 12.678662 12.555384 12.432122 12.308844 12.185564 12.062305 11.939025 11.815764 11.692485 11.569206 11.445945 11.322666 11.199406 11.076126 10.952847 10.829586 10.706307 10.583046 10.459767 10.336488 10.213226 10.089949 9.966688 9.843409 9.711761 9.571769 9.431753 9.291759 9.151746 9.011731 8.871738 8.731724 8.591730 8.451715 8.311701
14.102679 14.049726 13.996763 13.943810 13.890848 13.837885 13.784930 13.731970 13.679015 13.626051 13.573092 13.520137 13.467174 13.414221 13.361259 13.308296 13.255342 13.202380 13.149426 13.096464 13.043502 12.990547 12.937586 12.884632 12.831668 12.743088 12.618909 12.494709 12.370529 12.246332 12.122132 11.997952 11.873755 11.749575 11.625376 11.501177 11.376997 11.252799 11.128618 11.004420 10.880221 10.756042 10.631843 10.507663 10.383464 10.259266 10.135085 10.010887 9.886707 9.762508 9.630230 9.489895 9.349535 9.209200 9.068841 8.928484 8.788147 8.647789 8.507452 8.367094 8.226737
14.104275 14.050447 13.996608 13.942779 13.888942 13.835103 13.781273 13.727436 13.673606 13.619767 13.565930 13.512101 13.458263 13.404433 13.350595 13.296758 13.242929 13.189090 13.135261 13.081423 13.027586 12.973755 12.919918 12.866088 12.812249 12.722990 12.598329 12.473646 12.348984 12.224302 12.099621 11.974957 11.850277 11.725614 11.600931 11.476250 11.351588 11.226906 11.102243 10.977562 10.852880 10.728217 10.603536 10.478873 10.354192 10.229509 10.104847 9.980165 9.855503 9.730821 9.598391 9.458233 9.318052 9.177895 9.037714 8.897534 8.757376 8.617197 8.477037 8.336858 8.196678
14.141203 14.086628 14.032044 13.977469 13.922886 13.868301 13.813726 13.759144 13.704568 13.649985 13.595402 13.540827 13.486243 13.431667 13.377084 13.322501 13.267926 13.213343 13.158767 13.104184 13.049601 12.995026 12.940442 12.885867 12.831284 12.741628 12.616919 12.492190 12.367481 12.242754 12.118025 11.993317 11.868587 11.743879 11.619150 11.494423 11.369715 11.244986 11.120276 10.995548 10.870821 10.746112 10.621384 10.496675 10.371946 10.247218 10.122509 9.997782 9.873073 9.748344 9.616241 9.476781 9.337300 9.197842 9.058361 8.918880 8.779422 8.639941 8.500482 8.361002 8.221521
14.178131 14.122810 14.067480 14.012160 13.956833 13.901504 13.846183 13.790854 13.735532 13.680202 13.624873 13.569554 13.514224 13.458903 13.403574 13.348245 13.292925 13.237597 13.182275 13.126945 13.071617 13.016296 12.960966 12.905645 12.850317 12.760265 12.635509 12.510735 12.385979 12.261206 12.136431 12.011676 11.886901 11.762145 11.637370 11.512596 11.387841 11.263066 11.138310 11.013536 10.888762 10.764007 10.639233 10.514477 10.389702 10.264928 10.140172 10.015398 9.890642 9.765868 9.634090 9.495331 9.356549 9.217790 9.079009 8.940228 8.801468 8.662687 8.523927 8.385146 8.246365
