tests/outputNCEP4/outvarComp.dat
NCOLS   150
NROWS   150
XLLCORNER         235.050
YLLCORNER          38.050
CELLSIZE           0.100          0.100
NODATA_VALUE -9999.
[rows 54 to 80 of 150, columns 0 to 60 of 150]
15.521755 15.499043 15.476325 15.453611 15.430897 15.408177 15.385465 15.362749 15.340034 15.317317 15.294601 15.271888 15.249170 15.226458 15.203740 15.181023 15.158310 15.135593 15.112879 15.090161 15.067446 15.044732 15.022015 14.999302 14.976585 14.923741 14.840786 14.757815 14.674858 14.591890 14.508921 14.425963 14.342995 14.260037 14.177069 14.094099 14.011142 13.928173 13.845217 13.762247 13.679277 13.596321 13.513352 13.430395 13.347425 13.264457 13.181499 13.098531 13.015574 12.932603 12.825026 12.692860 12.560671 12.428503 12.296317 12.164128 12.031960 11.899774 11.767606 11.635418 11.503230
15.547466 15.524529 15.501587 15.478647 15.455708 15.432764 15.409825 15.386885 15.363947 15.341003 15.318064 15.295124 15.272182 15.249245 15.226302 15.203361 15.180422 15.157480 15.134541 15.111600 15.088658 15.065720 15.042777 15.019838 14.996897 14.943522 14.859731 14.775925 14.692131 14.608328 14.524522 14.440728 14.356924 14.273130 14.189324 14.105520 14.021728 13.937922 13.854129 13.770323 13.686518 13.602725 13.518921 13.435127 13.351321 13.267516 13.183723 13.099918 13.016126 12.932320 12.824134 12.691590 12.559024 12.426478 12.293915 12.161348 12.028804 11.896239 11.763693 11.631128 11.498563
15.522233 15.499076 15.475913 15.452756 15.429595 15.406433 15.383274 15.360113 15.336954 15.313793 15.290632 15.267474 15.244312 15.221154 15.197992 15.174832 15.151673 15.128511 15.105353 15.082192 15.059031 15.035873 15.012712 14.989553 14.966393 14.912544 14.828023 14.743487 14.658965 14.574431 14.489896 14.405374 14.320839 14.236317 14.151782 14.067247 13.982726 13.898190 13.813669 13.729134 13.644601 13.560079 13.475543 13.391021 13.306486 13.221952 13.137429 13.052896 12.968373 12.883839 12.775301 12.642781 12.510242 12.377722 12.245182 12.112641 11.980122 11.847581 11.715061 11.582522 11.449983
15.496998 15.473620 15.450238 15.426861 15.403481 15.380099 15.356722 15.333342 15.309962 15.286580 15.263200 15.239823 15.216441 15.193064 15.169683 15.146301 15.122925 15.099544 15.076165 15.052784 15.029404 15.006025 14.982645 14.959267 14.935886 14.881564 14.796312 14.711048 14.625796 14.540533 14.455269 14.370018 14.284755 14.199502 14.114238 14.028974 13.943725 13.858459 13.773209 13.687943 13.602678 13.517429 13.432165 13.346914 13.261649 13.176386 13.091134 13.005870 12.920619 12.835356 12.726466 12.593971 12.461456 12.328961 12.196447 12.063932 11.931438 11.798923 11.666428 11.533914 11.401399
15.471764 15.448167 15.424566 15.400968 15.377368 15.353767 15.330169 15.306568 15.282970 15.259371 15.235770 15.212173 15.188572 15.164975 15.141374 15.117773 15.094176 15.070576 15.046978 15.023377 14.999777 14.976180 14.952579 14.928982 14.905380 14.850583 14.764603 14.678610 14.592628 14.506638 14.420643 14.334662 14.248669 14.162688 14.076695 13.990703 13.904722 13.818728 13.732749 13.646754 13.560761 13.474781 13.388788 13.302809 13.216816 13.130821 13.044840 12.958848 12.872868 12.786874 12.677631 12.545163 12.412674 12.280204 12.147716 12.015226 11.882756 11.750266 11.617797 11.485307 11.352818
15.446529 15.422712 15.398890 15.375075 15.351254 15.327434 15.303617 15.279797 15.255980 15.232159 15.208340 15.184522 15.160702 15.136884 15.113064 15.089244 15.065427 15.041606 15.017789 14.993969 14.970149 14.946332 14.922511 14.898694 14.874874 14.819603 14.732893 14.646170 14.559462 14.472739 14.386017 14.299307 14.212584 14.125874 14.039151 13.952429 13.865720 13.778996 13.692287 13.605564 13.518842 13.432133 13.345409 13.258700 13.171978 13.085255 12.998546 12.911823 12.825113 12.738392 12.628798 12.496353 12.363889 12.231445 12.098981 11.966516 11.834072 11.701608 11.569163 11.436699 11.304235
15.421293 15.397257 15.373217 15.349181 15.325141 15.301102 15.277065 15.253024 15.228989 15.204947 15.180908 15.156873 15.132833 15.108795 15.084755 15.060715 15.036679 15.012639 14.988602 14.964563 14.940522 14.916485 14.892445 14.868410 14.844370 14.788623 14.701185 14.613731 14.526294 14.438842 14.351391 14.263951 14.176499 14.089060 14.001608 13.914157 13.826719 13.739267 13.651828 13.564376 13.476924 13.389485 13.302033 13.214595 13.127144 13.039691 12.952251 12.864800 12.777362 12.689909 12.579964 12.447545 12.315105 12.182687 12.050248 11.917809 11.785391 11.652951 11.520533 11.388093 11.255654
15.396060 15.371804 15.347544 15.323288 15.299029 15.274769 15.250513 15.226253 15.201997 15.177736 15.153477 15.129223 15.104961 15.080706 15.056446 15.032187 15.007930 14.983671 14.959415 14.935156 14.910896 14.886640 14.862379 14.838124 14.813865 14.757645 14.669477 14.581294 14.493127 14.404946 14.316766 14.228597 14.140415 14.052248 13.964066 13.875885 13.787718 13.699536 13.611368 13.523187 13.435006 13.346838 13.258657 13.170488 13.082308 12.994127 12.905958 12.817777 12.729609 12.641429 12.531131 12.398737 12.266323 12.133930 12.001516 11.869102 11.736708 11.604294 11.471901 11.339487 11.207073
15.370825 15.346350 15.321869 15.297395 15.272915 15.248435 15.223959 15.199481 15.175005 15.150524 15.126046 15.101571 15.077091 15.052615 15.028136 15.003656 14.979181 14.954702 14.930226 14.905746 14.881268 14.856791 14.832314 14.807837 14.783359 14.726664 14.637767 14.548856 14.459958 14.371048 14.282137 14.193241 14.104330 14.015432 13.926521 13.837612 13.748715 13.659804 13.570907 13.481997 13.393086 13.304189 13.215278 13.126381 13.037471 12.948560 12.859663 12.770754 12.681855 12.592946 12.482296 12.349928 12.217539 12.085171 11.952782 11.820393 11.688025 11.555635 11.423267 11.290878 11.158490
15.345591 15.320894 15.296195 15.271501 15.246803 15.222103 15.197408 15.172709 15.148014 15.123315 15.098616 15.073921 15.049221 15.024527 14.999826 14.975128 14.950433 14.925734 14.901038 14.876340 14.851641 14.826946 14.802246 14.777552 14.752852 14.695683 14.606058 14.516417 14.426790 14.337152 14.247511 14.157886 14.068246 13.978619 13.888979 13.799340 13.709713 13.620074 13.530448 13.440807 13.351169 13.261541 13.171903 13.082276 12.992635 12.902996 12.813370 12.723729 12.634104 12.544464 12.433462 12.301120 12.168755 12.036412 11.904051 11.771686 11.639343 11.506979 11.374636 11.242272 11.109910
15.320355 15.295441 15.270521 15.245606 15.220688 15.195768 15.170855 15.145936 15.121021 15.096102 15.071184 15.046270 15.021351 14.996436 14.971518 14.946598 14.921683 14.896765 14.871851 14.846932 14.822014 14.797098 14.772180 14.747265 14.722347 14.664702 14.574347 14.483977 14.393622 14.303255 14.212884 14.122529 14.032159 13.941804 13.851435 13.761066 13.670712 13.580341 13.489986 13.399617 13.309248 13.218893 13.128524 13.038168 12.947800 12.857430 12.767075 12.676705 12.586349 12.495981 12.384626 12.252308 12.119971 11.987653 11.855316 11.722977 11.590659 11.458321 11.326002 11.193665 11.061327
15.295120 15.269985 15.244847 15.219713 15.194575 15.169437 15.144302 15.119165 15.094030 15.068892 15.043753 15.018620 14.993482 14.968347 14.943209 14.918070 14.892935 14.867798 14.842663 14.817525 14.792387 14.767253 14.742115 14.716980 14.691841 14.633723 14.542638 14.451539 14.360455 14.269358 14.178259 14.087174 13.996076 13.904991 13.813892 13.722795 13.631710 13.540612 13.449527 13.358428 13.267331 13.176246 13.085147 12.994062 12.902965 12.811865 12.720781 12.629683 12.538597 12.447499 12.335794 12.203501 12.071188 11.938895 11.806583 11.674270 11.541977 11.409664 11.277371 11.145058 11.012746
15.269887 15.244532 15.219175 15.193820 15.168463 15.143105 15.117750 15.092393 15.067039 15.041681 15.016323 14.990970 14.965611 14.940257 14.914899 14.889542 14.864187 14.838830 14.813476 14.788118 14.762760 14.737407 14.712049 14.686693 14.661337 14.602744 14.510929 14.419102 14.327289 14.235461 14.143634 14.051820 13.959991 13.868178 13.776349 13.684523 13.592709 13.500881 13.409067 13.317239 13.225412 13.133598 13.041770 12.949957 12.858130 12.766301 12.674488 12.582660 12.490846 12.399019 12.286961 12.154694 12.022405 11.890138 11.757851 11.625563 11.493296 11.361008 11.228741 11.096452 10.964165
15.244651 15.219078 15.193500 15.167926 15.142350 15.116772 15.091198 15.065620 15.040047 15.014468 14.988892 14.963319 14.937740 14.912168 14.886589 14.861012 14.835439 14.809860 14.784287 14.758711 14.733132 14.707559 14.681981 14.656407 14.630830 14.571763 14.479220 14.386663 14.294120 14.201564 14.109007 14.016462 13.923906 13.831363 13.738806 13.646249 13.553707 13.461149 13.368607 13.276050 13.183492 13.090949 12.998392 12.905849 12.813292 12.720735 12.628193 12.535635 12.443092 12.350535 12.238126 12.105884 11.973620 11.841378 11.709116 11.576853 11.444613 11.312348 11.180106 11.047843 10.915583
15.219417 15.193623 15.167826 15.142033 15.116237 15.090438 15.064647 15.038849 15.013056 14.987257 14.961461 14.935668 14.909870 14.884077 14.858279 14.832483 14.806690 14.780892 14.755099 14.729302 14.703506 14.677712 14.651915 14.626122 14.600325 14.540783 14.447511 14.354224 14.260953 14.167667 14.074380 13.981108 13.887821 13.794550 13.701262 13.607977 13.514706 13.421418 13.328146 13.234860 13.141574 13.048303 12.955015 12.861743 12.768456 12.675171 12.581899 12.488612 12.395340 12.302053 12.189292 12.057075 11.924837 11.792621 11.660384 11.528146 11.395929 11.263692 11.131474 10.999237 10.867001
15.194181 15.168168 15.142151 15.116138 15.090122 15.064106 15.038093 15.012075 14.986063 14.960045 14.934030 14.908016 14.882000 14.855987 14.829970 14.803953 14.777941 14.751925 14.725911 14.699895 14.673878 14.647865 14.621848 14.595835 14.569818 14.509802 14.415800 14.321785 14.227784 14.133768 14.039753 13.945751 13.851736 13.757733 13.663718 13.569703 13.475702 13.381686 13.287685 13.193669 13.099654 13.005653 12.911637 12.817636 12.723620 12.629604 12.535604 12.441587 12.347587 12.253571 12.140456 12.008265 11.876053 11.743860 11.611650 11.479438 11.347245 11.215034 11.082841 10.950630 10.818419
15.168947 15.142715 15.116479 15.090246 15.064011 15.037773 15.011540 14.985304 14.959072 14.932835 14.906600 14.880367 14.854131 14.827898 14.801661 14.775425 14.749193 14.722956 14.696723 14.670488 14.644251 14.618019 14.591783 14.565550 14.539314 14.478824 14.384091 14.289348 14.194616 14.099873 14.005127 13.910397 13.815652 13.720922 13.626176 13.531431 13.436702 13.341956 13.247225 13.152481 13.057736 12.963005 12.868260 12.773531 12.678785 12.584041 12.489310 12.394565 12.299834 12.205089 12.091623 11.959457 11.827271 11.695104 11.562918 11.430731 11.298564 11.166377 11.034210 10.902023 10.769837
15.143713 15.117261 15.090804 15.064353 15.037897 15.011440 14.984989 14.958533 14.932081 14.905625 14.879169 14.852716 14.826261 14.799809 14.773353 14.746897 14.720446 14.693989 14.667537 14.641080 14.614624 14.588173 14.561716 14.535265 14.508808 14.447843 14.352385 14.256909 14.161449 14.065977 13.970502 13.875042 13.779569 13.684108 13.588633 13.493161 13.397699 13.302225 13.206767 13.111293 13.015818 12.920359 12.824884 12.729424 12.633950 12.538475 12.443017 12.347543 12.252083 12.156609 12.042790 11.910649 11.778487 11.646347 11.514185 11.382023 11.249882 11.117721 10.985579 10.853417 10.721256
15.118479 15.091807 15.065131 15.038459 15.011784 14.985107 14.958437 14.931760 14.905088 14.878413 14.851737 14.825068 14.798389 14.771719 14.745043 14.718368 14.691695 14.665021 14.638349 14.611671 14.584995 14.558325 14.531650 14.504978 14.478302 14.416863 14.320674 14.224470 14.128282 14.032078 13.935874 13.839685 13.743483 13.647293 13.551088 13.454886 13.358698 13.262494 13.166306 13.070103 12.973898 12.877710 12.781507 12.685317 12.589113 12.492910 12.396721 12.300518 12.204329 12.108126 11.993956 11.861840 11.729703 11.597587 11.465450 11.333314 11.201200 11.069062 10.936945 10.804810 10.672673
15.093244 15.066353 15.039456 15.012566 14.985671 14.958776 14.931885 14.904989 14.878098 14.851202 14.824307 14.797416 14.770520 14.743629 14.716734 14.689839 14.662948 14.636053 14.609161 14.582266 14.555370 14.528481 14.501585 14.474692 14.447798 14.385883 14.288965 14.192033 14.095114 13.998182 13.901249 13.804332 13.707398 13.610481 13.513548 13.416615 13.319698 13.222764 13.125846 13.028913 12.931980 12.835062 12.738130 12.641212 12.544279 12.447346 12.350429 12.253495 12.156577 12.059645 11.945122 11.813032 11.680921 11.548829 11.416719 11.284608 11.152517 11.020406 10.888314 10.756203 10.624092
15.068008 15.040897 15.013783 14.986672 14.959558 14.932443 14.905332 14.878218 14.851105 14.823990 14.796876 14.769766 14.742650 14.715539 14.688425 14.661309 14.634198 14.607084 14.579973 14.552858 14.525742 14.498631 14.471517 14.444406 14.417291 14.354902 14.257256 14.159593 14.061947 13.964284 13.866622 13.768974 13.671313 13.573665 13.476004 13.378343 13.280695 13.183032 13.085384 12.987722 12.890060 12.792413 12.694752 12.597104 12.499442 12.401780 12.304132 12.206470 12.108824 12.011162 11.896288 11.764221 11.632135 11.500070 11.367985 11.235899 11.103832 10.971747 10.839681 10.707595 10.575510
15.042775 15.015444 14.988109 14.960779 14.933444 14.906110 14.878778 14.851444 14.824113 14.796779 14.769445 14.742115 14.714780 14.687449 14.660114 14.632781 14.605450 14.578115 14.550785 14.523452 14.496116 14.468785 14.441450 14.414120 14.386786 14.323923 14.225546 14.127153 14.028779 13.930387 13.831997 13.733620 13.635228 13.536851 13.438460 13.340069 13.241693 13.143302 13.044925 12.946533 12.848143 12.749765 12.651374 12.552998 12.454607 12.356215 12.257839 12.159447 12.061070 11.962680 11.847453 11.715414 11.583352 11.451312 11.319252 11.187192 11.055151 10.923090 10.791050 10.658989 10.526928
15.017538 14.989989 14.962435 14.934885 14.907331 14.879777 14.852226 14.824673 14.797122 14.769567 14.742014 14.714465 14.686910 14.659360 14.631805 14.604252 14.576701 14.549148 14.521597 14.494043 14.466489 14.438939 14.411386 14.383835 14.356279 14.292941 14.193838 14.094717 13.995610 13.896491 13.797370 13.698265 13.599144 13.500037 13.400917 13.301797 13.202692 13.103571 13.004465 12.905344 12.806223 12.707119 12.607997 12.508891 12.409772 12.310651 12.211544 12.112425 12.013319 11.914198 11.798619 11.666605 11.534570 11.402554 11.270520 11.138484 11.006469 10.874433 10.742417 10.610382 10.478348
14.992305 14.964535 14.936760 14.908991 14.881218 14.853443 14.825674 14.797900 14.770130 14.742355 14.714582 14.686813 14.659039 14.631269 14.603496 14.575721 14.547953 14.520179 14.492409 14.464635 14.436861 14.409091 14.381316 14.353547 14.325775 14.261963 14.162127 14.062277 13.962442 13.862594 13.762743 13.662908 13.563059 13.463223 13.363373 13.263523 13.163690 13.063838 12.964004 12.864153 12.764303 12.664471 12.564620 12.464785 12.364935 12.265085 12.165250 12.065400 11.965565 11.865715 11.749784 11.617796 11.485785 11.353795 11.221785 11.089774 10.957785 10.825775 10.693784 10.561774 10.429764
14.967071 14.939081 14.911087 14.883099 14.855105 14.827112 14.799123 14.771129 14.743140 14.715146 14.687153 14.659163 14.631170 14.603180 14.575187 14.547194 14.519204 14.491210 14.463222 14.435228 14.407234 14.379246 14.351252 14.323262 14.295269 14.230983 14.130419 14.029839 13.929276 13.828697 13.728118 13.627554 13.526974 13.426411 13.325830 13.225252 13.124688 13.024109 12.923544 12.822965 12.722386 12.621822 12.521242 12.420679 12.320101 12.219520 12.118956 12.018377 11.917813 11.817235 11.700953 11.568988 11.437001 11.305037 11.173053 11.041069 10.909103 10.777118 10.645153 10.513168 10.381184
14.941834 14.913626 14.885411 14.857204 14.828992 14.800777 14.772569 14.744355 14.716148 14.687933 14.659722 14.631513 14.603299 14.575090 14.546878 14.518664 14.490456 14.462243 14.434033 14.405821 14.377607 14.349399 14.321185 14.292977 14.264763 14.200002 14.098710 13.997400 13.896107 13.794801 13.693491 13.592197 13.490889 13.389595 13.288287 13.186978 13.085686 12.984377 12.883084 12.781775 12.680466 12.579173 12.477865 12.376571 12.275263 12.173954 12.072660 11.971353 11.870060 11.768751 11.652117 11.520178 11.388218 11.256278 11.124319 10.992359 10.860419 10.728460 10.596520 10.464560 10.332601
14.912350 14.883530 14.854702 14.825881 14.797056 14.768229 14.739408 14.710584 14.681762 14.652934 14.624110 14.595289 14.566463 14.537641 14.508815 14.479990 14.451169 14.422343 14.393520 14.364696 14.335871 14.307048 14.278223 14.249401 14.220575 14.155096 14.052979 13.950846 13.848728 13.746596 13.644463 13.542345 13.440213 13.338096 13.235962 13.133829 13.031713 12.929579 12.827461 12.725328 12.623196 12.521078 12.418945 12.316828 12.214696 12.112563 12.010445 11.908312 11.806195 11.704062 11.586936 11.454838 11.322719 11.190620 11.058503 10.926383 10.794284 10.662167 10.530067 10.397947 10.265830
