tests/outputNCEP4/outvarComp.dat
NCOLS   150
NROWS   150
XLLCORNER         235.050
YLLCORNER          38.050
CELLSIZE           0.100          0.100
NODATA_VALUE -9999.
[rows 108 to 134 of 150, columns 61 to 121 of 150]
8.133148 7.995066 7.857006 7.718925 7.580843 7.442782 7.304701 7.166640 7.028559 6.890477 6.752417 6.614335 6.476274 6.338193 6.223113 6.131049 6.038971 5.946907 5.854830 5.762751 5.670688 5.578609 5.486546 5.394467 5.302390 5.210326 5.118248 5.026184 4.934106 4.842028 4.749964 4.657886 4.565822 4.473744 4.381666 4.289602 4.197524 4.105460 4.013381 3.953064 3.924510 3.895952 3.867398 3.838840 3.810282 3.781728 3.753170 3.724616 3.696058 3.667500 3.638946 3.610388 3.581834 3.553276 3.524718 3.496164 3.467606 3.439052 3.410494 3.381936 3.353382
8.158691 8.021309 7.883948 7.746566 7.609183 7.471823 7.334440 7.197079 7.059697 6.922315 6.784953 6.647571 6.510210 6.372828 6.258195 6.166326 6.074441 5.982573 5.890688 5.798805 5.706935 5.615051 5.523181 5.431297 5.339414 5.247544 5.155661 5.063791 4.971907 4.880023 4.788154 4.696270 4.604400 4.512516 4.420632 4.328763 4.236879 4.145009 4.053125 3.992796 3.964025 3.935250 3.906480 3.877705 3.848929 3.820158 3.791384 3.762613 3.733838 3.705063 3.676292 3.647517 3.618746 3.589971 3.561196 3.532425 3.503650 3.474880 3.446105 3.417329 3.388559
8.184234 8.047550 7.910889 7.774206 7.637524 7.500862 7.364179 7.227517 7.090835 6.954152 6.817490 6.680807 6.544145 6.407463 6.293276 6.201601 6.109911 6.018236 5.926546 5.834857 5.743181 5.651492 5.559816 5.468126 5.376437 5.284761 5.193072 5.101397 5.009706 4.918017 4.826342 4.734652 4.642977 4.551288 4.459598 4.367922 4.276232 4.184557 4.092867 4.032526 4.003539 3.974547 3.945560 3.916567 3.887576 3.858588 3.829596 3.800608 3.771616 3.742624 3.713637 3.684644 3.655657 3.626665 3.597673 3.568685 3.539693 3.510706 3.481714 3.452722 3.423734
8.209776 8.073793 7.937830 7.801847 7.665864 7.529901 7.393918 7.257955 7.121972 6.985988 6.850026 6.714042 6.578080 6.442097 6.328358 6.236876 6.145380 6.053899 5.962404 5.870909 5.779427 5.687932 5.596451 5.504955 5.413460 5.321979 5.230484 5.139002 5.047507 4.956012 4.864530 4.773035 4.681553 4.590058 4.498563 4.407082 4.315586 4.224105 4.132609 4.072257 4.043053 4.013844 3.984639 3.955431 3.926222 3.897017 3.867808 3.838604 3.809394 3.780185 3.750981 3.721772 3.692568 3.663359 3.634150 3.604945 3.575736 3.546532 3.517323 3.488114 3.458910
8.235319 8.100036 7.964772 7.829488 7.694204 7.558941 7.423657 7.288394 7.153111 7.017826 6.882563 6.747280 6.612016 6.476732 6.363440 6.272153 6.180851 6.089564 5.998263 5.906962 5.815675 5.724374 5.633087 5.541785 5.450485 5.359198 5.267896 5.176609 5.085308 4.994007 4.902719 4.811419 4.720132 4.628830 4.537529 4.446242 4.354941 4.263654 4.172353 4.111989 4.082568 4.053142 4.023721 3.994295 3.964869 3.935448 3.906022 3.876600 3.847174 3.817748 3.788327 3.758901 3.729480 3.700054 3.670628 3.641207 3.611781 3.582359 3.552933 3.523508 3.494086
8.260861 8.126277 7.991713 7.857129 7.722545 7.587981 7.453396 7.318832 7.184247 7.049663 6.915099 6.780515 6.645951 6.511366 6.398520 6.307428 6.216321 6.125228 6.034122 5.943014 5.851921 5.760814 5.669722 5.578614 5.487507 5.396415 5.305308 5.214215 5.123108 5.032001 4.940908 4.849801 4.758708 4.667601 4.576495 4.485402 4.394295 4.303202 4.212095 4.151720 4.122082 4.092439 4.062800 4.033158 4.003515 3.973877 3.944234 3.914596 3.884953 3.855310 3.825672 3.796029 3.766391 3.736748 3.707105 3.677466 3.647824 3.618186 3.588542 3.558900 3.529262
8.286405 8.152520 8.018656 7.884770 7.750885 7.617021 7.483135 7.349271 7.215386 7.081501 6.947636 6.813751 6.679887 6.546001 6.433603 6.342704 6.251791 6.160892 6.069981 5.979068 5.888169 5.797256 5.706357 5.615444 5.524532 5.433634 5.342721 5.251822 5.160909 5.069997 4.979097 4.888185 4.797287 4.706374 4.615461 4.524562 4.433650 4.342751 4.251839 4.191452 4.161597 4.131737 4.101882 4.072023 4.042162 4.012307 3.982447 3.952592 3.922732 3.892873 3.863018 3.833158 3.803303 3.773443 3.743583 3.713728 3.683868 3.654013 3.624153 3.594294 3.564438
8.311948 8.178762 8.045596 7.912410 7.779225 7.646060 7.512875 7.379709 7.246523 7.113338 6.980173 6.846987 6.713821 6.580636 6.468684 6.377979 6.287261 6.196556 6.105838 6.015120 5.924415 5.833697 5.742992 5.652273 5.561555 5.470851 5.380132 5.289427 5.198709 5.107991 5.017286 4.926568 4.835863 4.745144 4.654427 4.563722 4.473004 4.382298 4.291581 4.231183 4.201110 4.171034 4.140962 4.110886 4.080809 4.050736 4.020660 3.990588 3.960511 3.930434 3.900362 3.870286 3.840214 3.810137 3.780060 3.749988 3.719911 3.689839 3.659763 3.629686 3.599614
8.337490 8.205004 8.072537 7.940052 7.807565 7.675099 7.542613 7.410147 7.277660 7.145174 7.012709 6.880222 6.747756 6.615271 6.503765 6.413255 6.322730 6.232220 6.141696 6.051172 5.960661 5.870137 5.779626 5.689102 5.598578 5.508068 5.417543 5.327033 5.236509 5.145985 5.055474 4.964951 4.874440 4.783916 4.693392 4.602881 4.512357 4.421846 4.331323 4.270914 4.240624 4.210331 4.180042 4.149749 4.119455 4.089166 4.058872 4.028583 3.998289 3.967996 3.937707 3.907413 3.877124 3.846830 3.816537 3.786248 3.755954 3.725665 3.695372 3.665078 3.634789
8.363033 8.231246 8.099480 7.967692 7.835907 7.704140 7.572353 7.440586 7.308799 7.177012 7.045246 6.913459 6.781692 6.649906 6.538847 6.448531 6.358201 6.267885 6.177555 6.087225 5.996909 5.906579 5.816263 5.725933 5.635603 5.545287 5.454957 5.364640 5.274310 5.183981 5.093664 5.003335 4.913018 4.822688 4.732358 4.642042 4.551712 4.461396 4.371066 4.310646 4.280139 4.249629 4.219123 4.188613 4.158102 4.127596 4.097085 4.066580 4.036069 4.005559 3.975053 3.944542 3.914036 3.883526 3.853015 3.822509 3.791999 3.761493 3.730982 3.700471 3.669966
8.388576 8.257488 8.126420 7.995333 7.864246 7.733179 7.602091 7.471024 7.339936 7.208849 7.077782 6.946694 6.815627 6.684540 6.573928 6.483806 6.393670 6.303548 6.213413 6.123277 6.033155 5.943019 5.852897 5.762761 5.672626 5.582504 5.492368 5.402246 5.312110 5.221974 5.131852 5.041717 4.951595 4.861459 4.771323 4.681201 4.591066 4.500944 4.410808 4.350376 4.319654 4.288926 4.258203 4.227476 4.196748 4.166026 4.135298 4.104575 4.073847 4.043120 4.012398 3.981670 3.950947 3.920219 3.889492 3.858769 3.828042 3.797319 3.766591 3.735864 3.705141
8.414119 8.283731 8.153362 8.022974 7.892586 7.762218 7.631831 7.501462 7.371075 7.240687 7.110319 6.979931 6.849563 6.719175 6.609010 6.519082 6.429141 6.339213 6.249272 6.159330 6.069402 5.979461 5.889533 5.799592 5.709650 5.619722 5.529780 5.439853 5.349912 5.259970 5.170043 5.080101 4.990173 4.900231 4.810290 4.720363 4.630421 4.540493 4.450551 4.390108 4.359169 4.328225 4.297284 4.266340 4.235396 4.204456 4.173512 4.142572 4.111627 4.080683 4.049743 4.018799 3.987859 3.956915 3.925970 3.895030 3.864086 3.833147 3.802202 3.771258 3.740318
8.439661 8.309973 8.180305 8.050615 7.920927 7.791258 7.661570 7.531901 7.402212 7.272524 7.142855 7.013167 6.883498 6.753809 6.644091 6.554358 6.464611 6.374877 6.285131 6.195382 6.105649 6.015902 5.926168 5.836420 5.746674 5.656940 5.567193 5.477459 5.387712 5.297964 5.208230 5.118483 5.028750 4.939003 4.849256 4.759522 4.669775 4.580041 4.490294 4.429839 4.398683 4.367521 4.336364 4.305203 4.274042 4.242886 4.211724 4.180567 4.149405 4.118245 4.087088 4.055926 4.024770 3.993608 3.962447 3.931291 3.900129 3.868972 3.837811 3.806650 3.775493
8.465204 8.336214 8.207245 8.078256 7.949267 7.820297 7.691308 7.562339 7.433350 7.304360 7.175391 7.046402 6.917433 6.788443 6.679172 6.589633 6.500079 6.410541 6.320988 6.231435 6.141895 6.052342 5.962802 5.873250 5.783697 5.694157 5.604604 5.515065 5.425511 5.335958 5.246419 5.156866 5.067327 4.977774 4.888220 4.798681 4.709128 4.619588 4.530035 4.469570 4.438196 4.406817 4.375444 4.344066 4.312688 4.281314 4.249937 4.218563 4.187184 4.155806 4.124433 4.093054 4.061681 4.030302 3.998924 3.967551 3.936172 3.904799 3.873420 3.842042 3.810669
8.490747 8.362457 8.234187 8.105897 7.977608 7.849338 7.721048 7.592777 7.464488 7.336198 7.207928 7.079639 6.951369 6.823079 6.714254 6.624909 6.535551 6.446206 6.356846 6.267488 6.178143 6.088784 5.999438 5.910079 5.820721 5.731376 5.642017 5.552671 5.463313 5.373954 5.284609 5.195250 5.105905 5.016546 4.927187 4.837842 4.748483 4.659138 4.569779 4.509302 4.477712 4.446116 4.414526 4.382931 4.351335 4.319745 4.288150 4.256559 4.224964 4.193369 4.161778 4.130183 4.098593 4.066998 4.035402 4.003812 3.972217 3.940626 3.909031 3.877436 3.845845
8.516290 8.388699 8.261128 8.133537 8.005947 7.878376 7.750787 7.623215 7.495625 7.368035 7.240465 7.112875 6.985304 6.857713 6.749336 6.660185 6.571020 6.481869 6.392704 6.303540 6.214389 6.125224 6.036073 5.946909 5.857744 5.768593 5.679429 5.590277 5.501113 5.411948 5.322797 5.233633 5.144482 5.055317 4.966152 4.877002 4.787837 4.698686 4.609521 4.549033 4.517225 4.485414 4.453606 4.421794 4.389982 4.358174 4.326363 4.294555 4.262743 4.230931 4.199123 4.167311 4.135504 4.103692 4.071879 4.040072 4.008260 3.976452 3.944640 3.912828 3.881021
8.541833 8.414941 8.288071 8.161180 8.034288 7.907417 7.780526 7.653655 7.526764 7.399873 7.273002 7.146111 7.019239 6.892349 6.784418 6.695461 6.606491 6.517534 6.428564 6.339594 6.250636 6.161666 6.072709 5.983738 5.894769 5.805812 5.716842 5.627885 5.538914 5.449944 5.360987 5.272017 5.183060 5.094090 5.005119 4.916162 4.827192 4.738235 4.649265 4.588765 4.556741 4.524712 4.492687 4.460658 4.428629 4.396605 4.364576 4.332551 4.300522 4.268494 4.236469 4.204440 4.172416 4.140387 4.108358 4.076334 4.044304 4.012280 3.980251 3.948222 3.916197
8.567375 8.441183 8.315011 8.188820 8.062628 7.936457 7.810264 7.684093 7.557901 7.431709 7.305538 7.179346 7.053174 6.926983 6.819499 6.730737 6.641960 6.553197 6.464421 6.375646 6.286882 6.198107 6.109344 6.020567 5.931792 5.843029 5.754253 5.665490 5.576714 5.487937 5.399175 5.310399 5.221637 5.132860 5.044084 4.955321 4.866545 4.777783 4.689006 4.628495 4.596254 4.564008 4.531767 4.499521 4.467275 4.435034 4.402788 4.370547 4.338301 4.306055 4.273814 4.241568 4.209327 4.177080 4.144835 4.112593 4.080347 4.048106 4.015861 3.983614 3.951373
8.592917 8.467424 8.341951 8.216460 8.090968 7.965495 7.840003 7.714530 7.589038 7.463546 7.338073 7.212581 7.087109 6.961617 6.854579 6.766012 6.677429 6.588861 6.500279 6.411697 6.323128 6.234547 6.145978 6.057396 5.968814 5.880246 5.791664 5.703096 5.614513 5.525932 5.437363 5.348782 5.260213 5.171631 5.083049 4.994481 4.905899 4.817330 4.728748 4.668226 4.635768 4.603305 4.570847 4.538384 4.505921 4.473463 4.441000 4.408542 4.376079 4.343616 4.311158 4.278695 4.246237 4.213774 4.181311 4.148853 4.116390 4.083932 4.051469 4.019006 3.986548
8.618460 8.493668 8.368895 8.244101 8.119308 7.994535 7.869743 7.744970 7.620176 7.495384 7.370610 7.245818 7.121044 6.996252 6.889662 6.801288 6.712900 6.624526 6.536138 6.447751 6.359376 6.270989 6.182614 6.094226 6.005839 5.917465 5.829077 5.740703 5.652315 5.563928 5.475554 5.387166 5.298791 5.210403 5.122015 5.033642 4.945254 4.856879 4.768492 4.707958 4.675283 4.642603 4.609929 4.577249 4.544569 4.511894 4.479214 4.446539 4.413859 4.381179 4.348504 4.315824 4.283149 4.250469 4.217789 4.185115 4.152434 4.119760 4.087080 4.054400 4.021725
8.644003 8.519909 8.395835 8.271742 8.147650 8.023575 7.899482 7.775408 7.651314 7.527221 7.403147 7.279054 7.154979 7.030887 6.924743 6.836563 6.748370 6.660190 6.571997 6.483803 6.395623 6.307429 6.219249 6.131055 6.042862 5.954682 5.866489 5.778309 5.690115 5.601922 5.513742 5.425548 5.337368 5.249175 5.160981 5.072802 4.984608 4.896427 4.808234 4.747689 4.714797 4.681901 4.649008 4.616112 4.583215 4.550323 4.517426 4.484534 4.451638 4.418741 4.385849 4.352952 4.320060 4.287163 4.254267 4.221375 4.188478 4.155586 4.122689 4.089792 4.056900
8.669547 8.546153 8.422778 8.299384 8.175990 8.052615 7.929222 7.805846 7.682453 7.559060 7.435684 7.312291 7.188916 7.065522 6.959825 6.871840 6.783840 6.695854 6.607856 6.519856 6.431870 6.343871 6.255885 6.167885 6.079886 5.991901 5.903902 5.815916 5.727916 5.639917 5.551931 5.463932 5.375946 5.287947 5.199948 5.111962 5.023963 4.935977 4.847978 4.787421 4.754313 4.721199 4.688090 4.654976 4.621862 4.588754 4.555640 4.522531 4.489418 4.456304 4.423195 4.390081 4.356972 4.323858 4.290745 4.257636 4.224522 4.191413 4.158299 4.125186 4.092077
8.716994 8.595465 8.473953 8.352426 8.230896 8.109385 7.987856 7.866346 7.744817 7.623289 7.501778 7.380249 7.258738 7.137209 7.032968 6.946027 6.859073 6.772132 6.685179 6.598225 6.511284 6.424330 6.337389 6.250435 6.163481 6.076541 5.989587 5.902647 5.815692 5.728738 5.641798 5.554844 5.467903 5.380949 5.293995 5.207054 5.120100 5.033160 4.946206 4.886146 4.852984 4.819818 4.786656 4.753490 4.720323 4.687161 4.653995 4.620833 4.587667 4.554500 4.521339 4.488173 4.455010 4.421844 4.388678 4.355516 4.322350 4.289188 4.256021 4.222855 4.189693
8.786347 8.667848 8.549367 8.430867 8.312369 8.193888 8.075389 7.956907 7.838408 7.719910 7.601429 7.482930 7.364449 7.245950 7.144171 7.059127 6.974069 6.889025 6.803967 6.718910 6.633865 6.548808 6.463763 6.378706 6.293648 6.208604 6.123546 6.038502 5.953444 5.868387 5.783342 5.698285 5.613240 5.528183 5.443125 5.358081 5.273023 5.187979 5.102921 5.043865 5.010815 4.977759 4.944709 4.911654 4.878599 4.845549 4.812493 4.779443 4.746388 4.713333 4.680283 4.647227 4.614177 4.581122 4.548067 4.515017 4.481961 4.448911 4.415856 4.382801 4.349751
8.855702 8.740233 8.624783 8.509313 8.393844 8.278393 8.162924 8.047473 7.932003 7.816535 7.701083 7.585615 7.470162 7.354694 7.255379 7.172231 7.089069 7.005921 6.922760 6.839600 6.756452 6.673290 6.590142 6.506980 6.423820 6.340672 6.257511 6.174362 6.091201 6.008040 5.924892 5.841732 5.758583 5.675422 5.592261 5.509112 5.425952 5.342803 5.259643 5.201590 5.168651 5.135707 5.102768 5.069825 5.036880 5.003942 4.970998 4.938059 4.905115 4.872171 4.839232 4.806288 4.773350 4.740405 4.707462 4.674523 4.641579 4.608640 4.575696 4.542752 4.509813
8.925056 8.812616 8.700195 8.587756 8.475317 8.362895 8.250456 8.138034 8.025595 7.913156 7.800734 7.688295 7.575874 7.463434 7.366582 7.285330 7.204066 7.122814 7.041549 6.960285 6.879032 6.797768 6.716516 6.635251 6.553987 6.472734 6.391470 6.310218 6.228953 6.147689 6.066437 5.985172 5.903920 5.822655 5.741391 5.660138 5.578874 5.497622 5.416357 5.359309 5.326481 5.293648 5.260821 5.227989 5.195156 5.162328 5.129496 5.096668 5.063836 5.031003 4.998176 4.965343 4.932516 4.899683 4.866850 4.834023 4.801190 4.768363 4.735530 4.702698 4.669870
8.994411 8.885002 8.775609 8.666201 8.556792 8.447400 8.337991 8.228599 8.119190 8.009781 7.900389 7.790980 7.681588 7.572179 7.477790 7.398435 7.319066 7.239711 7.160343 7.080975 7.001618 6.922250 6.842895 6.763526 6.684158 6.604803 6.525434 6.446078 6.366710 6.287342 6.207987 6.128618 6.049262 5.969894 5.890526 5.811170 5.731802 5.652446 5.573078 5.517034 5.484318 5.451596 5.418880 5.386159 5.353438 5.320722 5.288001 5.255284 5.222563 5.189842 5.157125 5.124404 5.091688 5.058967 5.026246 4.993529 4.960808 4.928092 4.895371 4.862650 4.829934
