tests/outputNCEP4/outvarComp.dat
NCOLS   150
NROWS   150
XLLCORNER         235.050
YLLCORNER          38.050
CELLSIZE           0.100          0.100
NODATA_VALUE -9999.
[rows 81 to 107 of 150, columns 61 to 121 of 150]
10.048428 9.915965 9.783524 9.651062 9.518600 9.386158 9.253695 9.121253 8.988792 8.856330 8.723888 8.591427 8.458984 8.326523 8.205773 8.096754 7.987719 7.878698 7.769663 7.660627 7.551607 7.442572 7.333552 7.224517 7.115480 7.006462 6.897426 6.788406 6.679370 6.570334 6.461315 6.352279 6.243259 6.134223 6.025187 5.916168 5.807133 5.698113 5.589077 5.507277 5.452722 5.398158 5.343602 5.289039 5.234475 5.179919 5.125355 5.070800 5.016236 4.961672 4.907117 4.852552 4.797997 4.743433 4.688869 4.634315 4.579750 4.525195 4.470631 4.416067 4.361512
9.963120 9.830314 9.697529 9.564724 9.431919 9.299134 9.166328 9.033544 8.900739 8.767933 8.635147 8.502342 8.369556 8.236753 8.116179 8.007851 7.899508 7.791182 7.682838 7.574495 7.466168 7.357825 7.249497 7.141154 7.032811 6.924485 6.816141 6.707815 6.599472 6.491128 6.382802 6.274459 6.166132 6.057789 5.949445 5.841119 5.732776 5.624448 5.516106 5.435222 5.381804 5.328380 5.274963 5.221539 5.168114 5.114697 5.061272 5.007855 4.954430 4.901005 4.847589 4.794164 4.740747 4.687322 4.633897 4.580481 4.527056 4.473639 4.420214 4.366789 4.313373
9.877815 9.744667 9.611539 9.478391 9.345242 9.212113 9.078965 8.945837 8.812688 8.679540 8.546412 8.413263 8.280134 8.146985 8.026587 7.918951 7.811301 7.703667 7.596017 7.488367 7.380732 7.273082 7.165447 7.057796 6.950147 6.842512 6.734861 6.627228 6.519577 6.411926 6.304293 6.196641 6.089007 5.981357 5.873706 5.766072 5.658422 5.550787 5.443137 5.363169 5.310891 5.258605 5.206326 5.154041 5.101755 5.049477 4.997190 4.944913 4.892627 4.840341 4.788063 4.735777 4.683499 4.631213 4.578927 4.526649 4.474363 4.422085 4.369800 4.317513 4.265235
9.792509 9.659017 9.525545 9.392054 9.258561 9.125090 8.991598 8.858126 8.724634 8.591143 8.457670 8.324179 8.190707 8.057216 7.936990 7.830050 7.723091 7.616150 7.509192 7.402235 7.295293 7.188334 7.081393 6.974435 6.867477 6.760536 6.653577 6.546637 6.439679 6.332721 6.225780 6.118822 6.011880 5.904922 5.797964 5.691022 5.584064 5.477123 5.370165 5.291113 5.239974 5.188827 5.137688 5.086541 5.035394 4.984254 4.933107 4.881968 4.830821 4.779674 4.728535 4.677388 4.626249 4.575101 4.523954 4.472816 4.421669 4.370529 4.319383 4.268235 4.217096
9.707205 9.573369 9.439554 9.305719 9.171885 9.038069 8.904234 8.770420 8.636584 8.502749 8.368934 8.235098 8.101284 7.967449 7.847399 7.741150 7.634884 7.528636 7.422371 7.316105 7.209856 7.103591 6.997341 6.891077 6.784812 6.678563 6.572298 6.466049 6.359783 6.253519 6.147269 6.041005 5.934755 5.828490 5.722225 5.615975 5.509711 5.403461 5.297196 5.219060 5.169060 5.119051 5.069051 5.019043 4.969035 4.919034 4.869026 4.819026 4.769018 4.719009 4.669009 4.619001 4.569001 4.518992 4.468985 4.418984 4.368976 4.318975 4.268968 4.218959 4.168959
9.621901 9.487721 9.353564 9.219385 9.085207 8.951049 8.816871 8.682713 8.548534 8.414355 8.280197 8.146018 8.011861 7.877683 7.757807 7.652250 7.546678 7.441121 7.335549 7.229977 7.124420 7.018847 6.913291 6.807718 6.702146 6.596590 6.491017 6.385461 6.279888 6.174316 6.068759 5.963187 5.857631 5.752058 5.646486 5.540929 5.435356 5.329800 5.224228 5.147007 5.098145 5.049276 5.000415 4.951546 4.902676 4.853814 4.804945 4.756083 4.707214 4.658345 4.609484 4.560614 4.511753 4.462883 4.414014 4.365152 4.316283 4.267421 4.218553 4.169683 4.120821
9.536593 9.402071 9.267570 9.133048 8.998526 8.864025 8.729503 8.595002 8.460480 8.325958 8.191456 8.056936 7.922434 7.787912 7.668212 7.563348 7.458468 7.353604 7.248724 7.143844 7.038980 6.934101 6.829237 6.724357 6.619478 6.514614 6.409734 6.304871 6.199990 6.095110 5.990246 5.885367 5.780503 5.675623 5.570743 5.465879 5.361000 5.256136 5.151257 5.074952 5.027228 4.979498 4.931775 4.884045 4.836314 4.788592 4.740861 4.693139 4.645408 4.597678 4.549955 4.502225 4.454502 4.406772 4.359042 4.311319 4.263589 4.215866 4.168135 4.120405 4.072682
9.451289 9.316423 9.181580 9.046714 8.911849 8.777004 8.642139 8.507296 8.372430 8.237566 8.102720 7.967855 7.833011 7.698145 7.578619 7.474448 7.370260 7.266090 7.161903 7.057715 6.953544 6.849358 6.745186 6.640999 6.536812 6.432641 6.328454 6.224282 6.120095 6.015908 5.911737 5.807549 5.703379 5.599191 5.495004 5.390833 5.286646 5.182474 5.078287 5.002898 4.956314 4.909722 4.863139 4.816548 4.769956 4.723372 4.676781 4.630197 4.583605 4.537014 4.490429 4.443838 4.397254 4.350663 4.304071 4.257487 4.210896 4.164312 4.117721 4.071129 4.024545
9.365982 9.230773 9.095585 8.960377 8.825169 8.689981 8.554772 8.419585 8.284376 8.149167 8.013981 7.878771 7.743584 7.608375 7.489023 7.385546 7.282051 7.178572 7.075078 6.971583 6.868105 6.764611 6.661132 6.557637 6.454143 6.350665 6.247170 6.143692 6.040196 5.936703 5.833224 5.729730 5.626251 5.522757 5.419262 5.315784 5.212289 5.108810 5.005316 4.930842 4.885397 4.839945 4.794499 4.749047 4.703595 4.658150 4.612697 4.567252 4.521799 4.476347 4.430902 4.385449 4.340004 4.294551 4.249099 4.203653 4.158201 4.112756 4.067304 4.021852 3.976406
9.280678 9.145125 9.009594 8.874043 8.738491 8.602961 8.467409 8.331878 8.196325 8.060775 7.925243 7.789691 7.654160 7.518609 7.399432 7.296646 7.193844 7.091058 6.988256 6.885454 6.782669 6.679867 6.577081 6.474279 6.371478 6.268692 6.165890 6.063104 5.960301 5.857500 5.754714 5.651912 5.549126 5.446325 5.343523 5.240736 5.137935 5.035149 4.932347 4.858789 4.814483 4.770169 4.725863 4.681549 4.637236 4.592929 4.548615 4.504309 4.459996 4.415683 4.371376 4.327063 4.282755 4.238442 4.194129 4.149822 4.105509 4.061202 4.016889 3.972575 3.928269
9.195374 9.059479 8.923604 8.787708 8.651814 8.515940 8.380045 8.244171 8.108275 7.972381 7.836506 7.700611 7.564737 7.428843 7.309841 7.207747 7.105638 7.003544 6.901435 6.799327 6.697233 6.595124 6.493030 6.390921 6.288812 6.186718 6.084610 5.982516 5.880406 5.778298 5.676204 5.574095 5.472002 5.369893 5.267783 5.165690 5.063581 4.961487 4.859379 4.786736 4.743568 4.700395 4.657226 4.614052 4.570877 4.527709 4.484535 4.441367 4.398192 4.355018 4.311850 4.268676 4.225507 4.182333 4.139158 4.095991 4.052816 4.009648 3.966474 3.923299 3.880131
9.110066 8.973828 8.837610 8.701372 8.565134 8.428917 8.292678 8.156460 8.020223 7.883983 7.747766 7.611528 7.475310 7.339072 7.220245 7.118844 7.017427 6.916026 6.814611 6.713195 6.611793 6.510376 6.408976 6.307559 6.206143 6.104743 6.003326 5.901925 5.800508 5.699092 5.597691 5.496275 5.394874 5.293458 5.192041 5.090641 4.989224 4.887823 4.786407 4.714681 4.672652 4.630616 4.588587 4.546552 4.504516 4.462487 4.420451 4.378422 4.336386 4.294351 4.252322 4.210286 4.168257 4.126222 4.084187 4.042157 4.000122 3.958093 3.916057 3.874021 3.831992
9.024762 8.888180 8.751619 8.615038 8.478456 8.341896 8.205314 8.068753 7.932172 7.795590 7.659029 7.522448 7.385887 7.249306 7.130653 7.029945 6.929221 6.828512 6.727789 6.627065 6.526357 6.425632 6.324924 6.224201 6.123477 6.022770 5.922045 5.821337 5.720613 5.619889 5.519181 5.418458 5.317750 5.217025 5.116302 5.015594 4.914870 4.814161 4.713438 4.642628 4.601737 4.560841 4.519950 4.479054 4.438157 4.397267 4.356370 4.315479 4.274583 4.233687 4.192796 4.151899 4.111009 4.070112 4.029216 3.988326 3.947429 3.906538 3.865642 3.824745 3.783854
8.939454 8.802529 8.665626 8.528701 8.391776 8.254871 8.117947 7.981043 7.844118 7.707192 7.570289 7.433365 7.296459 7.159536 7.041058 6.941041 6.841011 6.740994 6.640964 6.540933 6.440917 6.340887 6.240870 6.140840 6.040809 5.940793 5.840762 5.740746 5.640715 5.540684 5.440669 5.340638 5.240622 5.140591 5.040560 4.940544 4.840514 4.740498 4.640466 4.570572 4.530820 4.491063 4.451311 4.411554 4.371796 4.332044 4.292287 4.252535 4.212777 4.173019 4.133268 4.093510 4.053759 4.014001 3.974243 3.934492 3.894734 3.854982 3.815225 3.775467 3.735716
8.854151 8.716882 8.579635 8.442368 8.305099 8.167851 8.030583 7.893336 7.756068 7.618800 7.481552 7.344285 7.207037 7.069769 6.951465 6.852142 6.752805 6.653481 6.554143 6.454804 6.355481 6.256143 6.156820 6.057481 5.958143 5.858820 5.759481 5.660159 5.560820 5.461482 5.362159 5.262820 5.163497 5.064159 4.964821 4.865498 4.766159 4.666836 4.567497 4.498519 4.459906 4.421288 4.382675 4.344057 4.305437 4.266824 4.228206 4.189593 4.150974 4.112355 4.073743 4.035124 3.996511 3.957892 3.919273 3.880660 3.842042 3.803429 3.764810 3.726191 3.687578
8.768847 8.631235 8.493645 8.356033 8.218422 8.080832 7.943220 7.805629 7.668017 7.530406 7.392816 7.255204 7.117614 6.980001 6.861873 6.763243 6.664598 6.565967 6.467321 6.368675 6.270045 6.171399 6.072769 5.974123 5.875477 5.776847 5.678201 5.579571 5.480926 5.382279 5.283649 5.185003 5.086373 4.987727 4.889081 4.790451 4.691805 4.593174 4.494529 4.426466 4.388992 4.351512 4.314038 4.276558 4.239079 4.201604 4.164125 4.126650 4.089170 4.051691 4.014217 3.976737 3.939263 3.901783 3.864303 3.826829 3.789349 3.751875 3.714395 3.676915 3.639441
8.683539 8.545585 8.407651 8.269695 8.131742 7.993807 7.855853 7.717919 7.579964 7.442009 7.304075 7.166121 7.028187 6.890232 6.772278 6.674341 6.576387 6.478449 6.380497 6.282543 6.184606 6.086653 5.988714 5.890762 5.792809 5.694871 5.596918 5.498980 5.401027 5.303074 5.205136 5.107183 5.009245 4.911292 4.813339 4.715401 4.617448 4.519510 4.421557 4.354410 4.318075 4.281734 4.245399 4.209058 4.172717 4.136382 4.100041 4.063705 4.027365 3.991024 3.954689 3.918348 3.882012 3.845671 3.809331 3.772995 3.736654 3.700319 3.663978 3.627637 3.591302
8.598236 8.459937 8.321660 8.183361 8.045064 7.906787 7.768489 7.630212 7.491914 7.353616 7.215339 7.077042 6.938764 6.800467 6.682686 6.585442 6.488181 6.390935 6.293675 6.196415 6.099169 6.001909 5.904664 5.807404 5.710144 5.612898 5.515637 5.418392 5.321132 5.223872 5.126626 5.029366 4.932120 4.834861 4.737600 4.640355 4.543095 4.445849 4.348589 4.282358 4.247161 4.211959 4.176763 4.141561 4.106359 4.071162 4.035960 4.000763 3.965561 3.930360 3.895163 3.859961 3.824764 3.789562 3.754360 3.719164 3.683962 3.648765 3.613563 3.578362 3.543165
8.512928 8.374286 8.235666 8.097025 7.958384 7.819763 7.681122 7.542501 7.403860 7.265219 7.126598 6.987958 6.849337 6.710696 6.593091 6.496538 6.399971 6.303418 6.206851 6.110283 6.013730 5.917162 5.820610 5.724042 5.627475 5.530922 5.434354 5.337801 5.241234 5.144666 5.048113 4.951546 4.854993 4.758426 4.661858 4.565305 4.468738 4.372184 4.275617 4.210302 4.176244 4.142181 4.108123 4.074060 4.039997 4.005939 3.971877 3.937819 3.903756 3.869692 3.835635 3.801572 3.767514 3.733451 3.699388 3.665330 3.631268 3.597210 3.563147 3.529083 3.495025
8.427624 8.288639 8.149675 8.010691 7.871707 7.732742 7.593758 7.454795 7.315810 7.176825 7.037861 6.898876 6.759913 6.620929 6.503499 6.407639 6.311763 6.215903 6.120029 6.024154 5.928294 5.832419 5.736558 5.640684 5.544808 5.448949 5.353074 5.257214 5.161338 5.065464 4.969604 4.873729 4.777868 4.681994 4.586119 4.490258 4.394383 4.298523 4.202649 4.138249 4.105330 4.072406 4.039487 4.006563 3.973639 3.940719 3.907795 3.874876 3.841952 3.809028 3.776109 3.743185 3.710266 3.677342 3.644418 3.611499 3.578574 3.545655 3.512731 3.479807 3.446888
8.342319 8.202991 8.063684 7.924356 7.785028 7.645721 7.506394 7.367087 7.227759 7.088431 6.949124 6.809797 6.670490 6.531162 6.413907 6.318740 6.223557 6.128389 6.033207 5.938025 5.842857 5.747675 5.652507 5.557325 5.462143 5.366975 5.271793 5.176626 5.081443 4.986261 4.891094 4.795911 4.700744 4.605561 4.510379 4.415212 4.320029 4.224862 4.129679 4.066195 4.034415 4.002630 3.970850 3.939065 3.907280 3.875499 3.843714 3.811934 3.780149 3.748364 3.716583 3.684798 3.653018 3.621233 3.589447 3.557667 3.525882 3.494102 3.462317 3.430531 3.398751
8.257011 8.117341 7.977691 7.838019 7.698348 7.558699 7.419027 7.279377 7.139706 7.000034 6.860385 6.720714 6.581063 6.441392 6.324312 6.229836 6.135346 6.040872 5.946383 5.851893 5.757418 5.662929 5.568453 5.473963 5.379474 5.284999 5.190510 5.096035 5.001545 4.907056 4.812581 4.718091 4.623616 4.529127 4.434637 4.340162 4.245672 4.151197 4.056708 3.994140 3.963499 3.932852 3.902211 3.871565 3.840919 3.810277 3.779631 3.748989 3.718343 3.687697 3.657055 3.626409 3.595767 3.565121 3.534475 3.503834 3.473187 3.442546 3.411900 3.381253 3.350612
8.171709 8.031693 7.891700 7.751685 7.611671 7.471677 7.331664 7.191670 7.051656 6.911641 6.771647 6.631633 6.491640 6.351626 6.234720 6.140937 6.047140 5.953358 5.859561 5.765765 5.671982 5.578185 5.484403 5.390605 5.296809 5.203026 5.109230 5.015447 4.921650 4.827854 4.734071 4.640275 4.546492 4.452695 4.358898 4.265115 4.171319 4.077536 3.983739 3.922087 3.892585 3.863077 3.833574 3.804067 3.774560 3.745057 3.715550 3.686047 3.656539 3.627032 3.597529 3.568022 3.538519 3.509012 3.479505 3.450002 3.420495 3.390992 3.361485 3.331977 3.302474
8.086401 7.946043 7.805707 7.665348 7.524991 7.384655 7.244297 7.103960 6.963602 6.823244 6.682908 6.542550 6.402214 6.261856 6.145124 6.052034 5.958930 5.865840 5.772737 5.679632 5.586542 5.493438 5.400349 5.307244 5.214140 5.121051 5.027946 4.934856 4.841752 4.748648 4.655558 4.562454 4.469364 4.376260 4.283156 4.190066 4.096962 4.003872 3.910768 3.850031 3.821668 3.793299 3.764935 3.736567 3.708199 3.679834 3.651466 3.623102 3.594734 3.566365 3.538002 3.509633 3.481269 3.452901 3.424532 3.396168 3.367800 3.339436 3.311068 3.282700 3.254335
8.056520 7.916340 7.776182 7.636002 7.495821 7.355663 7.215484 7.075325 6.935145 6.794966 6.654807 6.514627 6.374469 6.234289 6.117869 6.025223 5.932562 5.839915 5.747255 5.654594 5.561947 5.469287 5.376640 5.283979 5.191319 5.098673 5.006012 4.913365 4.820704 4.728044 4.635397 4.542737 4.450090 4.357430 4.264769 4.172122 4.079462 3.986815 3.894154 3.833870 3.805967 3.778060 3.750157 3.722250 3.694342 3.666439 3.638532 3.610629 3.582721 3.554814 3.526911 3.499003 3.471101 3.443193 3.415286 3.387383 3.359475 3.331572 3.303665 3.275758 3.247854
8.082062 7.942582 7.803123 7.663642 7.524162 7.384703 7.245223 7.105763 6.966283 6.826802 6.687344 6.547863 6.408403 6.268923 6.152950 6.060498 5.968031 5.875578 5.783113 5.690646 5.598194 5.505727 5.413275 5.320808 5.228342 5.135890 5.043423 4.950971 4.858504 4.766038 4.673586 4.581119 4.488667 4.396200 4.303734 4.211282 4.118815 4.026362 3.933896 3.873601 3.845481 3.817357 3.789237 3.761113 3.732988 3.704868 3.676744 3.648624 3.620500 3.592376 3.564256 3.536131 3.508011 3.479887 3.451763 3.423643 3.395518 3.367398 3.339274 3.311150 3.283030
8.107606 7.968825 7.830065 7.691283 7.552503 7.413743 7.274962 7.136203 6.997422 6.858641 6.719881 6.581100 6.442340 6.303559 6.188033 6.095774 6.003502 5.911243 5.818972 5.726699 5.634441 5.542169 5.449911 5.357638 5.265366 5.173108 5.080836 4.988578 4.896306 4.804034 4.711775 4.619503 4.527245 4.434973 4.342701 4.250443 4.158170 4.065912 3.973640 3.913333 3.884996 3.856655 3.828318 3.799977 3.771636 3.743299 3.714958 3.686621 3.658279 3.629938 3.601602 3.573260 3.544923 3.516582 3.488241 3.459904 3.431563 3.403226 3.374885 3.346543 3.318207
